Inf 1.71669045019245 1.29393913768859 1.08222567437048 0.999136591677235 0.991699988851599 0.418738233515495 0.647122465546856 1.21182749503486 0.939580960249226 1.3061756548746 0.969934124808696
1.71669045019245 Inf 1.11497565217419 1.14898471738392 0.964828009172869 1.23295386725816 0.328980907463385 0.646763320028957 0.935146755841481 1.10521463782972 1.04339291887394 1.08572859212757
1.29393913768859 1.11497565217419 Inf 1.77122612118791 1.10093542592253 0.87736852306512 0.515883433406677 0.647220354511961 1.37860306739924 1.14902086023333 1.3806808110546 1.14547021445063
1.08222567437048 1.14898471738392 1.7712261211879 Inf 1.02392046693755 0.943976639334476 0.455575798095118 0.649200112462818 1.08775670771308 1.31463357004027 1.13776603113964 1.27387157529482
0.999136591677235 0.964828009172869 1.10093542592253 1.02392046693755 Inf 0.930725234214242 0.397460443365701 0.571835061992164 1.00581149330763 0.866417222670208 1.16343433299572 0.952504188644111
0.991699988851599 1.23295386725816 0.87736852306512 0.943976639334476 0.930725234214242 Inf 0.286336046719463 0.49780779668594 0.820370495214247 1.0207652089493 1.00259900551326 1.24406656234031
0.418738233515495 0.328980907463385 0.515883433406677 0.455575798095118 0.397460443365701 0.286336046719463 Inf 0.591598042107333 0.53336974596472 0.389869626310904 0.452587043273184 0.402361947336865
0.647122465546856 0.646763320028957 0.647220354511961 0.649200112462818 0.571835061992164 0.49780779668594 0.591598042107333 Inf 0.623845273089667 0.544468579372989 0.579547554665344 0.522497327187093
1.21182749503486 0.935146755841481 1.37860306739924 1.08775670771308 1.00581149330763 0.820370495214247 0.53336974596472 0.623845273089667 Inf 1.07780730719483 1.51075230963146 0.997570730820083
0.939580960249226 1.10521463782972 1.14902086023333 1.31463357004027 0.866417222670208 1.0207652089493 0.389869626310904 0.544468579372989 1.07780730719483 Inf 1.04241860276601 1.5071249829384
1.3061756548746 1.04339291887394 1.3806808110546 1.13776603113964 1.16343433299572 1.00259900551326 0.452587043273184 0.579547554665344 1.51075230963146 1.04241860276601 Inf 1.2601629879491
0.969934124808696 1.08572859212757 1.14547021445063 1.27387157529482 0.952504188644111 1.24406656234031 0.402361947336865 0.522497327187093 0.997570730820083 1.5071249829384 1.2601629879491 Inf
