Inf 1.52918709394175 0.341950074427143 0.378292111581258 0.34546298751033 0.456191942779251 0.0582710302190409 0.234106712226415 0.240829072311444 0.176202175807064 0.32389705489811 0.342081582025518
1.52918709394175 Inf 0.19852790494069 0.324585241925707 0.229908736077078 0.558776310649037 0.0100996188514906 0.196760121431042 0.114897335481767 0.22750981727129 0.167625327063102 0.223424828627439
0.341950074427143 0.19852790494069 Inf 1.30980286541942 0.558006975743984 0.379729094117904 0.203154377930188 0.193313632921653 0.497452932130173 0.252919916031943 0.656156433358361 0.669307162995146
0.378292111581258 0.324585241925707 1.30980286541942 Inf 0.316467708865122 0.557758306605146 0.20726003813556 0.193705334239868 0.2798084590865 0.21026050996363 0.376472921214561 0.49922723425861
0.34546298751033 0.229908736077078 0.558006975743984 0.316467708865122 Inf 0.224783917953547 0.152373217310829 0.18484867413031 0.437084804891173 0.26320085535965 0.773627235512902 0.507664729791847
0.456191942779251 0.558776310649037 0.379729094117904 0.557758306605146 0.224783917953547 Inf 0.0314108847210833 0.336045012945607 0.132536208202481 0.259185072180188 0.25971770811899 0.269339463244128
0.0582710302190409 0.0100996188514906 0.203154377930188 0.20726003813556 0.152373217310829 0.0314108847210833 Inf 0.385163503405941 0.15334815807072 0.155384985966353 0.208594188627487 0.168706628132182
0.234106712226415 0.196760121431042 0.193313632921653 0.193705334239868 0.18484867413031 0.336045012945607 0.385163503405941 Inf 0.19646934889197 0.182025947375681 0.262041744997778 0.184315601409519
0.240829072311444 0.114897335481767 0.497452932130173 0.2798084590865 0.437084804891173 0.132536208202481 0.15334815807072 0.19646934889197 Inf 0.487973105595358 0.737465840081939 0.341122737320118
0.176202175807064 0.22750981727129 0.252919916031943 0.21026050996363 0.26320085535965 0.259185072180188 0.155384985966353 0.182025947375681 0.487973105595358 Inf 0.394889958024128 0.346137518333826
0.32389705489811 0.167625327063102 0.656156433358361 0.376472921214561 0.773627235512902 0.25971770811899 0.208594188627487 0.262041744997778 0.737465840081939 0.394889958024128 Inf 0.877042935147701
0.342081582025518 0.223424828627439 0.669307162995146 0.49922723425861 0.507664729791847 0.269339463244128 0.168706628132182 0.184315601409519 0.341122737320118 0.346137518333826 0.877042935147701 Inf
