Inf 0.870933385274711 0.555841717895104 0.247706511133242 0.248631890714167 0.193253147567367 0.255060025707534 0.365435219018466 0.647735332697405 0.487542275829308 0.728093296741152 0.490816725673364
0.870933385274711 Inf 0.691405062680252 0.453657792745832 0.316708524838761 0.300699927672101 0.482032320848945 0.433541760227369 0.727204224666076 0.611626190608825 0.766283116599994 0.624429710389843
0.555841717895104 0.691405062680252 Inf 0.941805433738624 0.406934157106155 0.423040461438746 0.653527890768377 0.488146881013606 0.850040476226818 0.600233387893545 1.10745367179133 0.735162475802596
0.247706511133242 0.453657792745832 0.941805433738624 Inf 0.467820734816023 0.485152920644876 0.421159685042287 0.547309863944087 0.642942701679552 0.547134484834182 0.655573257184538 0.713668833621039
0.248631890714167 0.316708524838761 0.406934157106155 0.467820734816023 Inf 0.914488336687188 0.36977250637089 0.158883424179773 0.456782768908896 0.394130054425943 0.578412382198484 0.453175440266126
0.193253147567367 0.300699927672101 0.423040461438746 0.485152920644876 0.914488336687188 Inf 0.32981836287181 0.192862528645832 0.304583688855279 0.429542764327733 0.465408994926349 0.47140638544907
0.255060025707534 0.482032320848945 0.653527890768377 0.421159685042287 0.36977250637089 0.32981836287181 Inf 0.462241347472425 0.524184051053141 0.549725667648051 0.568352454893227 0.626867669530306
0.365435219018466 0.433541760227369 0.488146881013606 0.547309863944087 0.158883424179773 0.192862528645832 0.462241347472425 Inf 0.34413865762624 0.655816793235666 0.351867699257941 0.750292803061895
0.647735332697405 0.727204224666076 0.850040476226818 0.642942701679552 0.456782768908896 0.304583688855279 0.524184051053141 0.34413865762624 Inf 0.790881396374312 1.20234690029068 0.560829875664742
0.487542275829308 0.611626190608825 0.600233387893545 0.547134484834182 0.394130054425943 0.429542764327733 0.549725667648051 0.655816793235666 0.79088139637431 Inf 0.757068361591393 1.08977330719364
0.728093296741152 0.766283116599994 1.10745367179133 0.655573257184538 0.578412382198484 0.465408994926349 0.568352454893227 0.351867699257941 1.20234690029068 0.757068361591393 Inf 0.75623011691156
0.490816725673364 0.624429710389843 0.735162475802596 0.713668833621039 0.453175440266126 0.47140638544907 0.626867669530306 0.750292803061895 0.560829875664742 1.08977330719364 0.75623011691156 Inf
