Inf 0.562704606739276 0.1574212638247 -0.0463179394044044 0.370789222092441 0.198975527568377 0.0628598742020606 0.075944075906224 0.405762686762714 0.125657106067702 0.0898958074148412 -0.19927468992424
0.562704606739276 Inf 0.310198450555726 0.31679110669373 0.0966602623672322 0.371699165240117 0.182413441349991 0.0399711228896132 0.355521947641754 0.522645829226254 0.195635764723687 0.222856256383997
0.1574212638247 0.310198450555726 Inf 1.30859206302402 0.158913882073616 0.462071927591601 0.122290153664107 0.0976020320677 0.736294877114187 0.482334566272997 0.935267499579395 0.721510549235439
-0.0463179394044044 0.31679110669373 1.30859206302402 Inf 0.00103489987761032 0.428514382543733 0.0707440339808772 0.0558594566857396 0.435107747766896 0.524609502988599 0.645896886992899 0.848739536731196
0.370789222092441 0.0966602623672322 0.158913882073616 0.00103489987761032 Inf 0.341783013179371 0.0735052316938106 0.0216265460644332 0.099107095825485 0.0529689418775481 0.209939127449516 0.121933015209106
0.198975527568377 0.371699165240117 0.462071927591601 0.428514382543733 0.341783013179371 Inf 0.0336350257512902 -0.186682943225266 0.373688822414965 0.448017436908156 0.351445555123526 0.390702249230163
0.0628598742020606 0.182413441349991 0.122290153664107 0.0707440339808772 0.0735052316938106 0.0336350257512902 Inf 0.246064248403073 0.128119453738094 0.0332424206475874 0.298643922945626 0.142817615557847
0.075944075906224 0.0399711228896132 0.0976020320677 0.0558594566857396 0.0216265460644332 -0.186682943225266 0.246064248403073 Inf 0.0712878857778975 0.143700701512933 0.0931939148495545 0.19565780068127
0.405762686762714 0.355521947641754 0.736294877114187 0.435107747766896 0.099107095825485 0.373688822414965 0.128119453738094 0.0712878857778975 Inf 0.570802660836597 0.810440657475877 0.360561192968334
0.125657106067702 0.522645829226254 0.482334566272997 0.524609502988599 0.0529689418775481 0.448017436908156 0.0332424206475874 0.143700701512933 0.570802660836597 Inf 0.418124872833723 0.70819893032203
0.0898958074148412 0.195635764723687 0.935267499579395 0.645896886992899 0.209939127449516 0.351445555123526 0.298643922945626 0.0931939148495545 0.810440657475877 0.418124872833723 Inf 0.79143700653415
-0.19927468992424 0.222856256383997 0.721510549235439 0.848739536731196 0.121933015209106 0.390702249230163 0.142817615557847 0.19565780068127 0.360561192968334 0.70819893032203 0.79143700653415 Inf
