0 0 0 0 0 0 0 0.118104002023168 0 0.308680035936644 0 0
0 0 0 0.0529390020495108 0 0 0 0.149526505025598 0 0 0 0
0 0 0 0 0 0 0 0 0 0.277423908889554 0 0
0 0.0529390020495108 0 0 0 0 0 0 0 0.148837769611616 0 0
0 0 0 0 0 0 0 0 0 0.0725504224263281 0 0
0 0 0 0 0 0 0 0 0 0 0 0
0 0 0 0 0 0 0 0 0 0 0 0
0.118104002023168 0.149526505025598 0 0 0 0 0 0 0.161445206834318 0.0703196165859835 0 0
0 0 0 0 0 0 0 0.161445206834318 0 0 0 0
0.308680035936644 0 0.277423908889554 0.148837769611616 0.0725504224263281 0 0 0.0703196165859835 0 0 0.0350084368430662 0
0 0 0 0 0 0 0 0 0 0.0350084368430662 0 0
0 0 0 0 0 0 0 0 0 0 0 0
