Inf 1.36802363648403 1.22294278834097 1.05343333258855 0.849262734237932 0.440001430348762 0.397219525475717 0.395314385646451 1.05132008036665 0.965099713167992 0.818446318203335 0.824548508313804
1.36802363648403 Inf 1.03354391256199 1.31679544300403 0.644604974624877 0.600057907838842 0.302818372196028 0.490773660179501 0.766807197813674 1.39601494069327 0.580402520702615 1.06135792986442
1.22294278834097 1.03354391256199 Inf 1.42113009245942 1.05948985892638 0.56543540512059 0.340652984493391 0.434057797428658 1.25704704240206 0.838077218652396 1.18894912893086 0.849772837823102
1.05343333258855 1.31679544300403 1.42113009245942 Inf 0.743486235288902 0.675667313085567 0.335526229542542 0.565154751546052 0.877819525121046 1.21779550478682 0.734964373990004 1.08623041957952
0.849262734237932 0.644604974624877 1.05948985892638 0.743486235288902 Inf 0.44801856149217 0.331390064040056 0.275435786979311 1.05380241120702 0.578166562791836 1.27885968555099 0.723191342431698
0.440001430348762 0.600057907838842 0.56543540512059 0.675667313085567 0.44801856149217 Inf 0.158075896045906 0.173562497240321 0.37635239534555 0.686919370570903 0.379886259281864 0.709228610014368
0.397219525475717 0.302818372196028 0.340652984493391 0.335526229542542 0.331390064040056 0.158075896045906 Inf 0.452805143132642 0.388319864992972 0.363185681820168 0.4260380678837 0.34186568476222
0.395314385646451 0.490773660179501 0.434057797428658 0.565154751546052 0.275435786979311 0.173562497240321 0.452805143132642 Inf 0.308061227323185 0.462359681360222 0.267783627922869 0.345365972761847
1.05132008036665 0.766807197813674 1.25704704240206 0.877819525121046 1.05380241120702 0.37635239534555 0.388319864992972 0.308061227323185 Inf 0.763186093037 1.3269629918166 0.736126874682365
0.965099713167992 1.39601494069326 0.838077218652396 1.21779550478682 0.578166562791836 0.686919370570903 0.363185681820168 0.462359681360222 0.763186093037 Inf 0.574439874148913 1.28647667327321
0.818446318203335 0.580402520702616 1.18894912893086 0.734964373990004 1.27885968555099 0.379886259281864 0.4260380678837 0.267783627922869 1.3269629918166 0.574439874148913 Inf 0.746355762806963
0.824548508313804 1.06135792986442 0.849772837823102 1.08623041957952 0.723191342431698 0.709228610014367 0.34186568476222 0.345365972761847 0.736126874682365 1.28647667327321 0.746355762806963 Inf
