1 0.322036107053367 0.469756125758724 0.112572206075004 0.584537153122461 0.152069162552943 0.273318083191659 0.215137819265194 0.43918230981552 -0.319177091150509 0.642600168807422 -0.00921547815405795
0.322036107053367 1 0.355378909821154 0.547812654921629 0.0639623173725247 0.342913962610574 0.108408022273071 0.276751676907546 -0.000125515332929614 0.509271197125386 0.185915094792338 0.651588130706
0.469756125758724 0.355378909821154 1 0.761899250189365 0.670159544850934 0.560487504810137 0.294463782263091 0.431309810916465 0.274773510444005 0.0210582941386674 0.693508548988051 0.133089842834915
0.112572206075004 0.547812654921629 0.761899250189365 1 0.261186196653807 0.46024329701394 0.0933950401622807 0.323332458271073 -0.0753746484841965 0.346266062303801 0.270852445736227 0.282243109000913
0.584537153122461 0.0639623173725247 0.670159544850934 0.261186196653807 1 0.485836283689279 0.278667486992087 0.326118028601555 0.473430303440911 -0.180130840313332 0.772506503280124 0.130117999129068
0.152069162552943 0.342913962610574 0.560487504810136 0.46024329701394 0.485836283689279 1 0.227379040385264 0.370957167081923 0.299357041368942 0.392665815172999 0.448941300636805 0.375870870879447
0.273318083191659 0.108408022273071 0.294463782263091 0.0933950401622807 0.278667486992087 0.227379040385264 1 0.126815228532685 0.328705282860595 0.0224537381137017 0.318287864151629 -0.0682839957761768
0.215137819265194 0.276751676907546 0.431309810916465 0.323332458271073 0.326118028601555 0.370957167081923 0.126815228532685 1 0.208545132111498 0.12441908598643 0.282686890645072 0.243641928468154
0.43918230981552 -0.000125515332929614 0.274773510444005 -0.0753746484841965 0.473430303440911 0.299357041368942 0.328705282860595 0.208545132111498 1 -0.0819530709438372 0.711937438340604 0.263169027386029
-0.319177091150509 0.509271197125386 0.0210582941386674 0.346266062303801 -0.180130840313332 0.392665815172999 0.0224537381137017 0.12441908598643 -0.0819530709438372 1 -0.12978716316325 0.57820048925505
0.642600168807422 0.185915094792338 0.693508548988051 0.270852445736227 0.772506503280124 0.448941300636805 0.318287864151629 0.282686890645072 0.711937438340604 -0.12978716316325 1 0.272901437839321
-0.00921547815405795 0.651588130706 0.133089842834915 0.282243109000913 0.130117999129068 0.375870870879447 -0.0682839957761768 0.243641928468154 0.263169027386029 0.57820048925505 0.272901437839321 1
