1 0.693641287997296 0.5827072845937 0.256240289717794 0.60263919518259 0.419750135632806 0.160600354929462 0.286929352168476 0.705425643428766 0.414759355475672 0.660735405012168 0.505838459580978
0.693641287997295 1 0.385956905913713 0.257940932374578 0.309512168998685 0.470936750696949 0.00207098791371003 0.183183317006404 0.441188635202348 0.40209674509046 0.44205756846932 0.499606896839389
0.5827072845937 0.385956905913713 1 0.783193426041255 0.384327252601107 0.263543816972572 0.253105280667372 0.214159047034741 0.435225805711297 0.380716424641202 0.500300361979643 0.462973501181087
0.256240289717794 0.257940932374578 0.783193426041255 1 0.20945784525252 0.231787223127214 0.0365605117287242 0.228451840880435 0.109758280976219 0.387955359215881 0.207119434643494 0.520349166516703
0.60263919518259 0.309512168998685 0.384327252601107 0.20945784525252 1 0.441696375827142 0.295613889725912 0.306586170482644 0.664985832761841 0.458062480626763 0.708346852601585 0.551126526345027
0.419750135632806 0.470936750696949 0.263543816972572 0.231787223127214 0.441696375827142 1 0.305332629752219 0.22546540284831 0.49373485370441 0.390734509150652 0.559102730912571 0.543850329890693
0.160600354929462 0.00207098791371003 0.253105280667372 0.0365605117287242 0.295613889725912 0.305332629752219 1 0.40237604180748 0.336238535810826 0.0856704243976001 0.309183386168123 0.102768891320052
0.286929352168476 0.183183317006404 0.214159047034741 0.228451840880435 0.306586170482644 0.22546540284831 0.40237604180748 1 0.223477431925979 0.12225388289431 0.211539829613371 0.262297773844738
0.705425643428766 0.441188635202348 0.435225805711297 0.109758280976219 0.664985832761841 0.49373485370441 0.336238535810826 0.223477431925979 1 0.616786379252873 0.823442630952087 0.551049922817545
0.414759355475672 0.40209674509046 0.380716424641202 0.387955359215881 0.458062480626763 0.390734509150652 0.0856704243976001 0.12225388289431 0.616786379252873 1 0.542122670509527 0.820530092456223
0.660735405012168 0.44205756846932 0.500300361979643 0.207119434643494 0.708346852601586 0.559102730912571 0.309183386168123 0.211539829613371 0.823442630952087 0.542122670509527 1 0.647779922012845
0.505838459580978 0.499606896839389 0.462973501181087 0.520349166516703 0.551126526345027 0.543850329890693 0.102768891320052 0.262297773844738 0.551049922817545 0.820530092456223 0.647779922012845 1
