Inf 0.85493971076135 0.666552100005797 0.262080314791701 0.697281175041354 0.447388681442405 0.162002884754827 0.295216905923032 0.878019273732842 0.441345804002083 0.794117739595784 0.557121334710921
0.854939710761348 Inf 0.407040487679801 0.263901318298771 0.320005803764379 0.511273366789614 0.00207099087453374 0.185274559970693 0.473705764077489 0.426147555248126 0.474785225972216 0.54878214406271
0.666552100005797 0.407040487679801 Inf 1.05357775183176 0.40512699713643 0.269912932325892 0.258727868510134 0.217526275869289 0.466325738287249 0.400897252719493 0.549706707204236 0.501089424437513
0.262080314791701 0.263901318298771 1.05357775183176 Inf 0.212604247244925 0.236077336340853 0.0365768145978085 0.232555448533431 0.110202242723016 0.409390878145733 0.210159784356924 0.576818446660243
0.697281175041354 0.320005803764379 0.40512699713643 0.212604247244925 Inf 0.474336397128517 0.304706625011316 0.316773030221379 0.801699536166288 0.494856524209202 0.883858092093411 0.619997842478567
0.447388681442405 0.511273366789614 0.269912932325892 0.236077336340853 0.474336397128517 Inf 0.315390024469937 0.229406821177447 0.540987169633585 0.412666596064371 0.631526931940908 0.609606904851078
0.162002884754827 0.00207099087453374 0.258727868510134 0.0365768145978085 0.304706625011316 0.315390024469937 Inf 0.426480763027099 0.349845519336432 0.0858809426825073 0.319642228183057 0.103132997410604
0.295216905923032 0.185274559970693 0.217526275869289 0.232555448533431 0.316773030221379 0.229406821177447 0.426480763027099 Inf 0.227313365599699 0.122868473113479 0.214782762006089 0.268574356801816
0.878019273732842 0.473705764077489 0.466325738287249 0.110202242723016 0.801699536166288 0.540987169633585 0.349845519336432 0.227313365599699 Inf 0.719801575666058 1.16741784407093 0.619887827638637
0.441345804002083 0.426147555248126 0.400897252719493 0.409390878145733 0.494856524209202 0.412666596064371 0.0858809426825073 0.122868473113479 0.719801575666058 Inf 0.607156897560206 1.15843772468792
0.794117739595784 0.474785225972216 0.549706707204236 0.210159784356924 0.883858092093413 0.631526931940908 0.319642228183057 0.214782762006089 1.16741784407093 0.607156897560206 Inf 0.771463978650473
0.557121334710921 0.54878214406271 0.501089424437513 0.576818446660243 0.619997842478567 0.609606904851078 0.103132997410604 0.268574356801816 0.619887827638637 1.15843772468792 0.771463978650473 Inf
