0 0 0 0 0 0 0.0138840626497797 0 0 0 0 0
0 0 0 0 0 0 0 0 0 0 0 0
0 0 0 0 0 0 0.096414169216681 0 0 0 0 0
0 0 0 0 0 0 0 0 0 0 0 0
0 0 0 0 0 0 0 0 0 0 0 0
0 0 0 0 0 0 0 0 0 0 0 0
0.0138840626497797 0 0.096414169216681 0 0 0 0 0 0.228636467176746 0.131297300662125 0.17927971678326 0.183189411900275
0 0 0 0 0 0 0 0 0.0919950418011065 0.109801975435708 0.0572080935645827 0.00157252854902987
0 0 0 0 0 0 0.228636467176746 0.0919950418011065 0 0 0 0
0 0 0 0 0 0 0.131297300662125 0.109801975435708 0 0 0 0
0 0 0 0 0 0 0.17927971678326 0.0572080935645827 0 0 0 0
0 0 0 0 0 0 0.183189411900275 0.00157252854902987 0 0 0 0
