Inf 0.566859921292203 0.180581975543922 -0.151307501435833 0.365346852961052 0.141649943897925 0.393598874902124 0.130348708067646 0.203637128267406 -0.183320285062794 0.360242473368635 -0.386488375008873
0.566859921292203 Inf 0.100534209201939 0.0167093404154085 -0.128776599281127 0.0129547406997522 0.326745381485351 0.0674120796152439 -0.140441133897256 -0.0780946346492798 -0.125140067150274 -0.292167477455476
0.180581975543922 0.100534209201939 Inf 1.12563162602715 0.063429684151503 0.158657273197795 0.348647067031294 0.133088494583839 0.261141932536626 0.0428389176411704 0.457268762919393 0.112922821428324
-0.151307501435833 0.0167093404154085 1.12563162602715 Inf -0.150644822020753 0.249500581271262 0.178776497175373 0.125828753927322 0.0257860369719211 0.0628737474468086 0.188852642529268 0.324636191458012
0.365346852961052 -0.128776599281127 0.063429684151503 -0.150644822020753 Inf 0.495372879793203 0.0284273139806797 0.227391599568264 0.737671285927929 0.341130567899223 0.890100452907684 0.125750942987584
0.141649943897925 0.0129547406997522 0.158657273197795 0.249500581271262 0.495372879793203 Inf -0.026736852792737 0.199159167296332 0.380023373551594 0.312842738733255 0.505155475006522 0.348453980543041
0.393598874902124 0.326745381485351 0.348647067031294 0.178776497175373 0.0284273139806797 -0.026736852792737 Inf 0.503108714708315 0.0442855289040091 -0.390924276196318 0.149514599052463 -0.269155868810569
0.130348708067646 0.0674120796152439 0.133088494583839 0.125828753927322 0.227391599568264 0.199159167296332 0.503108714708315 Inf 0.242765072213457 0.0323127671797773 0.227982051037156 0.203334685404557
0.203637128267406 -0.140441133897256 0.261141932536626 0.0257860369719211 0.737671285927929 0.380023373551594 0.0442855289040091 0.242765072213457 Inf 0.598849555637346 0.896482814127286 0.171118149846091
-0.183320285062794 -0.0780946346492798 0.0428389176411704 0.0628737474468086 0.341130567899223 0.312842738733255 -0.390924276196318 0.0323127671797773 0.598849555637346 Inf 0.386967194499821 0.6623896270357
0.360242473368635 -0.125140067150274 0.457268762919393 0.188852642529268 0.890100452907684 0.505155475006522 0.149514599052463 0.227982051037156 0.896482814127286 0.386967194499821 Inf 0.386166372664745
-0.386488375008873 -0.292167477455476 0.112922821428324 0.324636191458012 0.125750942987584 0.348453980543041 -0.269155868810569 0.203334685404557 0.171118149846091 0.6623896270357 0.386166372664745 Inf
