0 0 0 0 0 0.024943733448701 0 0 0 0 0.0423038732677566 0.127952008954424
0 0 0 0 0.148143977112988 0.0590832492158638 0 0 0.0637318032266598 0 0.315470286795541 0.209626121622022
0 0 0 0 0 0 0 0 0 0 0 0
0 0 0 0 0 0 0 0 0 0 0 0
0 0.148143977112988 0 0 0 0 0 0 0 0 0 0
0.024943733448701 0.0590832492158638 0 0 0 0 0 0.0484653870131412 0 0 0 0
0 0 0 0 0 0 0 0 0 0 0 0.115039027185044
0 0 0 0 0 0.0484653870131412 0 0 0 0 0 0.0331709641554423
0 0.0637318032266598 0 0 0 0 0 0 0 0 0 0
0 0 0 0 0 0 0 0 0 0 0 0
0.0423038732677566 0.315470286795541 0 0 0 0 0 0 0 0 0 0
0.127952008954424 0.209626121622022 0 0 0 0 0.115039027185044 0.0331709641554423 0 0 0 0
