0 0 0 0 0 0 0 0 0 0 0 0
0 0 0 0 0 0 0 0 0 0 0 0
0 0 0 0 0 0 0 0 0 0 0 0
0 0 0 0 0 0 0 0 0 0 0 0
0 0 0 0 0 0 0 0 0 0 0 0
0 0 0 0 0 0 0.0114955739178231 0 0 0 0 0
0 0 0 0 0 0.0114955739178231 0 0 0 0 0.0534977180766961 0.0189576404776393
0 0 0 0 0 0 0 0 0.0504516430381523 0 0.0472470471564687 0.019701449823728
0 0 0 0 0 0 0 0.0504516430381523 0 0 0 0
0 0 0 0 0 0 0 0 0 0 0.154453622256123 0
0 0 0 0 0 0 0.0534977180766961 0.0472470471564687 0 0.154453622256123 0 0
0 0 0 0 0 0 0.0189576404776393 0.019701449823728 0 0 0 0
