0 0 0 -0.00572897797292233 0 0 -0.0877608725030322 -0.034119194157482 0 0 0 0
0 0 0 0 0 0 -0.181069270839919 -0.070420053054536 0 0 0 0
0 0 0 0 -0.206321982462668 0 0 0 0 -0.0712038330832004 0 0
-0.00572897797292233 0 0 0 -0.292463189907736 0 -0.0160572778835099 0 -0.177965486282102 0 0 0
0 0 -0.206321982462668 -0.292463189907736 0 0 0 0 0 0 0 0
0 0 0 0 0 0 0 0 0 0 0 0
-0.0877608725030322 -0.181069270839919 0 -0.0160572778835099 0 0 0 0 -0.0297841495565951 -0.29329899647425 0 0
-0.034119194157482 -0.070420053054536 0 0 0 0 0 0 0 -0.136217635245301 0 0
0 0 0 -0.177965486282102 0 0 -0.0297841495565951 0 0 0 0 0
0 0 -0.0712038330832004 0 0 0 -0.29329899647425 -0.136217635245301 0 0 -0.150495091992096 0
0 0 0 0 0 0 0 0 0 -0.150495091992096 0 0
0 0 0 0 0 0 0 0 0 0 0 0
