0 0 0 0 0.00532816979181654 0 0 0 0 0.182685038492588 0 0
0 0 0 0 0 0 0 0 0 0 0 0
0 0 0 0 0 0 0.0707304022176445 0 0 0 0 0
0 0 0 0 0 0 0 0 0 0 0 0
0.00532816979181654 0 0 0 0 0 0 0 0 0 0 0
0 0 0 0 0 0 0.156231725110875 0 0 0.203397134866699 0 0
0 0 0.0707304022176445 0 0 0.156231725110875 0 0 0.0477666681026734 0 0.235486601270867 0.0198941626304373
0 0 0 0 0 0 0 0 0 0 0 0
0 0 0 0 0 0 0.0477666681026734 0 0 0.0914828574807316 0 0
0.182685038492587 0 0 0 0 0.203397134866699 0 0 0.0914828574807316 0 0 0
0 0 0 0 0 0 0.235486601270867 0 0 0 0 0
0 0 0 0 0 0 0.0198941626304373 0 0 0 0 0
