Inf 0.345947756062788 0.536682499868353 0.163060253864574 0.380407576874543 -0.219586575088496 -0.113869474666354 0.0552231451971613 0.750931795659407 -0.278744130035003 0.450105771843215 -0.216811493697274
0.345947756062788 Inf 0.187734157505668 0.327292986893908 -0.150656510172969 -0.0694504429012388 -0.182062047623289 0.0867240871802449 0.0529601701964416 0.158127585165923 -0.133718669177735 -0.166850656116296
0.536682499868353 0.187734157505668 Inf 1.12907119614217 0.35568162294722 0.156309132069202 0.0268300107276205 0.327944676574223 0.582911557233499 0.25048066174984 0.529868904896368 0.232265557169031
0.163060253864574 0.327292986893908 1.12907119614217 Inf 0.0448334363601137 0.250743821060588 0.000597985132685359 0.439165269618442 0.197224978202405 0.503382497810113 0.148317908145517 0.286917483176604
0.380407576874543 -0.150656510172969 0.35568162294722 0.0448334363601137 Inf 0.375546046402217 0.00223380582571656 0.0976307647273056 0.467263491779232 -0.123972425490351 0.872966406975665 0.432598741094368
-0.219586575088496 -0.0694504429012388 0.156309132069202 0.250743821060588 0.375546046402217 Inf 0.11554490311365 0.309362753664807 -0.0762830930867623 0.273253036613414 0.244870779402871 0.867311276887631
-0.113869474666354 -0.182062047623289 0.0268300107276205 0.000597985132685359 0.00223380582571656 0.11554490311365 Inf 0.487947198636179 -0.160680754705979 -0.0529561352507195 -0.128047879080198 -0.113583322130779
0.0552231451971612 0.0867240871802449 0.327944676574223 0.439165269618442 0.0976307647273056 0.309362753664807 0.487947198636179 Inf -0.0105753552278344 0.169057170405105 0.0375614897850111 0.171648189290805
0.750931795659407 0.0529601701964416 0.582911557233499 0.197224978202405 0.467263491779232 -0.0762830930867623 -0.160680754705979 -0.0105753552278344 Inf 0.206348830568177 0.7462477935716 0.187621978080951
-0.278744130035003 0.158127585165923 0.25048066174984 0.503382497810113 -0.123972425490351 0.273253036613414 -0.0529561352507195 0.169057170405105 0.206348830568177 Inf -0.0355617344990954 0.461028403702293
0.450105771843215 -0.133718669177735 0.529868904896368 0.148317908145517 0.872966406975665 0.244870779402871 -0.128047879080198 0.0375614897850111 0.7462477935716 -0.0355617344990954 Inf 0.482530172048004
-0.216811493697274 -0.166850656116296 0.232265557169031 0.286917483176604 0.432598741094368 0.867311276887631 -0.113583322130779 0.171648189290805 0.187621978080951 0.461028403702293 0.482530172048004 Inf
