Inf 0.292818728971288 0.19860900796275 0.0919961520270034 0.422441341654353 0.222002804345069 0.201542725023402 0.329113599412294 0.395594721609431 0.0453863538231471 0.239605231534972 0.225087762312547
0.292818728971288 Inf 0.193891114608827 0.169475059130914 0.323153285624257 0.227207018615982 -0.0396549098056509 -0.073774463284912 0.347263782454789 0.220851016214058 0.419377051342072 0.393794663372647
0.19860900796275 0.193891114608827 Inf 1.15175546950004 0.599721297965474 0.456496244932558 0.15686801381318 0.0793568354229958 0.550662181536389 0.387041212503437 0.870273422744199 1.00830537734415
0.0919961520270034 0.169475059130914 1.15175546950004 Inf 0.235354057279014 0.33285878790205 0.194366216003651 0.207938562226218 0.177805299127208 0.284983278639811 0.406597212110824 0.870118894494906
0.422441341654353 0.323153285624257 0.599721297965474 0.235354057279014 Inf 0.490848248762691 0.103718064353714 0.14179571453105 0.726359225697232 0.164819098739435 1.00563615649567 0.8405284148893
0.222002804345069 0.227207018615982 0.456496244932558 0.33285878790205 0.490848248762691 Inf 0.435199984132324 0.288720455077769 0.405044745646871 0.284987814169391 0.540203485095926 0.551390353804629
0.201542725023402 -0.0396549098056509 0.15686801381318 0.194366216003651 0.103718064353714 0.435199984132324 Inf 0.630954794396252 0.15985168381822 0.355348589171358 0.160998955712891 0.133018766868811
0.329113599412294 -0.073774463284912 0.0793568354229958 0.207938562226218 0.14179571453105 0.288720455077769 0.630954794396252 Inf -0.00474954496246171 0.171349136750321 0.0158133768439385 0.184802647711387
0.395594721609431 0.347263782454789 0.550662181536389 0.177805299127208 0.726359225697232 0.40504474564687 0.15985168381822 -0.00474954496246171 Inf 0.511836461585697 1.07150815678352 0.687360742979561
0.0453863538231471 0.220851016214058 0.387041212503437 0.284983278639811 0.164819098739435 0.284987814169391 0.355348589171358 0.171349136750321 0.511836461585697 Inf 0.45826873537017 0.470705277091392
0.239605231534972 0.419377051342073 0.870273422744199 0.406597212110824 1.00563615649567 0.540203485095926 0.160998955712891 0.0158133768439385 1.07150815678352 0.45826873537017 Inf 1.04381164757571
0.225087762312547 0.393794663372647 1.00830537734415 0.870118894494906 0.8405284148893 0.551390353804629 0.133018766868811 0.184802647711387 0.687360742979561 0.470705277091392 1.04381164757571 Inf
