0 0 0 -0.123646103966579 0 0 0 0 0 -0.110099248298616 0 -0.317246023220698
0 0 0 0 0 0 0 0 0 0 0 -0.173839570898264
0 0 0 0 0 0 0 0 0 0 0 0
-0.123646103966579 0 0 0 -0.117030846506925 0 -0.0317967521029997 -0.00837074488729238 -0.0984636154300326 0 0 0
0 0 0 -0.117030846506925 0 0 0 0 0 0 0 -0.0260350768999116
0 0 0 0 0 0 0 0 0 0 0 0
0 0 0 -0.0317967521029997 0 0 0 0 0 0 0 0
0 0 0 -0.00837074488729238 0 0 0 0 0 0 0 -0.00218225333538022
0 0 0 -0.0984636154300326 0 0 0 0 0 0 0 0
-0.110099248298616 0 0 0 0 0 0 0 0 0 0 0
0 0 0 0 0 0 0 0 0 0 0 0
-0.317246023220698 -0.173839570898264 0 0 -0.0260350768999116 0 0 -0.00218225333538022 0 0 0 0
