Inf 1.61880802515279 0.394463399029887 0.250334559498815 0.577802850704871 0.633628949276285 0.179512568881496 0.239637611918005 0.115606825933023 0.0901355415891696 0.434396367496679 0.292314767397897
1.61880802515279 Inf 0.471509980808943 0.338290563317105 0.589388053758622 0.733493819009313 0.197952654920459 0.194093107749817 0.16782454420737 0.257131349129881 0.419376931215968 0.259529424889916
0.394463399029887 0.471509980808943 Inf 1.3882375684198 0.546506420950907 0.691202999513548 0.0444412566944061 0.255281050563639 0.371725414093516 0.338582558500485 0.782882011489821 0.582832563237783
0.250334559498815 0.338290563317105 1.3882375684198 Inf 0.323826615554904 0.471299040245557 0.0146916737117788 0.238331783432032 0.154953599792651 0.229705336991307 0.651383737936461 0.658487185771871
0.577802850704871 0.589388053758622 0.546506420950907 0.323826615554904 Inf 0.971610056188502 0.0948857900122983 0.336117691972193 0.386402426848908 0.356693579261026 0.546494105511919 0.404197810831819
0.633628949276285 0.733493819009313 0.691202999513548 0.471299040245557 0.971610056188502 Inf 0.123908458735904 0.274419427267466 0.234601941688161 0.27522999382591 0.488250969338489 0.383382891287992
0.179512568881496 0.197952654920459 0.0444412566944061 0.0146916737117788 0.0948857900122983 0.123908458735904 Inf 0.451236737652132 0 0.00952576016725005 0.0481966331879233 0.120949102060283
0.239637611918005 0.194093107749817 0.255281050563639 0.238331783432032 0.336117691972193 0.274419427267466 0.451236737652132 Inf 0 0.124929937487461 0.345234566849478 0.580095649291077
0.115606825933023 0.16782454420737 0.371725414093516 0.154953599792651 0.386402426848908 0.234601941688161 0 0 Inf 0.802309121898434 0.190350106755252 0
0.0901355415891696 0.257131349129881 0.338582558500485 0.229705336991307 0.356693579261026 0.27522999382591 0.00952576016725005 0.124929937487461 0.802309121898434 Inf 0.168133178668002 0.0700747801268686
0.434396367496679 0.419376931215968 0.782882011489821 0.651383737936461 0.546494105511919 0.488250969338489 0.0481966331879233 0.345234566849478 0.190350106755252 0.168133178668002 Inf 1.03221748772623
0.292314767397897 0.259529424889916 0.582832563237783 0.65848718577187 0.404197810831819 0.383382891287992 0.120949102060283 0.580095649291077 0 0.0700747801268686 1.03221748772623 Inf
