0 0 0 0.124282063247321 0 0 0 0 0 0.110547380812628 0 0.32858195254876
0 0 0 0 0 0 0 0 0 0 0 0.175623180294629
0 0 0 0 0 0 0 0 0 0 0 0
0.124282063247321 0 0 0 0.117569573972339 0 0.0318074744680855 0.0083709404064525 0.0987836836828652 0 0 0
0 0 0 0.117569573972339 0 0 0 0 0 0 0 0.0260409617040738
0 0 0 0 0 0 0 0 0 0 0 0
0 0 0 0.0318074744680855 0 0 0 0 0 0 0 0
0 0 0 0.0083709404064525 0 0 0 0 0 0 0 0.00218225679952057
0 0 0 0.0987836836828652 0 0 0 0 0 0 0 0
0.110547380812628 0 0 0 0 0 0 0 0 0 0 0
0 0 0 0 0 0 0 0 0 0 0 0
0.32858195254876 0.175623180294629 0 0 0.0260409617040738 0 0 0.00218225679952057 0 0 0 0
