Inf 1.73591429751474 0.879950431290611 0.870763148173504 0.141282035837225 0.353256803671016 0.0296224827488238 0.272785900709148 0.638049472992226 0.58861601322338 0.627230049484544 0.699491330267031
1.73591429751474 Inf 0.76271655082259 0.867487677434004 0.159628498184371 0.515799062393499 0.00436626071439219 0.246074466674732 0.534583266311377 0.75930317008899 0.564508116738918 0.871602696765145
0.879950431290611 0.76271655082259 Inf 1.46591302517242 0.269893771687271 0.242285741655433 0.0777495114597568 0.298260455091142 0.786355821233208 0.624342661409989 0.846102822137116 0.845164367762176
0.870763148173504 0.867487677434004 1.46591302517242 Inf 0.145268295724233 0.358473328396677 0.146356900541252 0.444058588572067 0.684444090151957 0.653448776953019 0.58740458075244 0.92098522019416
0.141282035837225 0.159628498184371 0.269893771687271 0.145268295724233 Inf 0.196141344603491 0.00591519247419534 0 0.10329871831908 0.421723049653013 0.507333181950482 0.394628497569199
0.353256803671016 0.515799062393499 0.242285741655433 0.358473328396677 0.196141344603491 Inf 0.0121932825775221 0.179282978365059 0.107456172590309 0.617432720577137 0.268490146665318 0.57149261228207
0.0296224827488238 0.00436626071439219 0.0777495114597568 0.146356900541252 0.00591519247419534 0.0121932825775221 Inf 0.556596951252815 0.155092409504604 0.0456517794175835 0.0361267693519984 0.102158283414025
0.272785900709148 0.246074466674731 0.298260455091142 0.444058588572067 0 0.179282978365059 0.556596951252815 Inf 0.333997382699647 0.265811195953273 0.183415291186975 0.320789458272984
0.638049472992226 0.534583266311377 0.786355821233208 0.684444090151957 0.10329871831908 0.107456172590309 0.155092409504604 0.333997382699647 Inf 0.613800089140346 0.963936531972967 0.695967788476174
0.58861601322338 0.75930317008899 0.624342661409989 0.653448776953019 0.421723049653013 0.617432720577137 0.0456517794175835 0.265811195953273 0.613800089140346 Inf 0.953709549092216 1.55664246806265
0.627230049484544 0.564508116738918 0.846102822137116 0.58740458075244 0.507333181950482 0.268490146665318 0.0361267693519984 0.183415291186975 0.963936531972967 0.953709549092216 Inf 0.959318097872547
0.699491330267031 0.871602696765145 0.845164367762176 0.92098522019416 0.394628497569199 0.57149261228207 0.102158283414025 0.320789458272984 0.695967788476174 1.55664246806265 0.959318097872547 Inf
