0 0 0 -0.178736893399742 0 -0.00772491610382647 0 -0.149179355206869 0 -0.230644501660272 0 -0.192795571299645
0 0 0 0 0 0 0 0 -0.0616968486465874 -0.215906717112915 -0.0882763958999909 -0.0333123002578939
0 0 0 0 0 0 0 0 0 0 0 0
-0.178736893399742 0 0 0 0 0 0 0 0 0 0 0
0 0 0 0 0 0 0 -0.0279944105680369 0 0 0 0
-0.00772491610382647 0 0 0 0 0 0 0 0 0 0 0
0 0 0 0 0 0 0 0 -0.0443210802462897 -0.0559561808728328 0 0
-0.149179355206869 0 0 0 -0.0279944105680369 0 0 0 -0.143686145902566 0 0 0
0 -0.0616968486465874 0 0 0 0 -0.0443210802462897 -0.143686145902566 0 0 0 0
-0.230644501660272 -0.215906717112915 0 0 0 0 -0.0559561808728328 0 0 0 0 0
0 -0.0882763958999909 0 0 0 0 0 0 0 0 0 0
-0.192795571299645 -0.0333123002578939 0 0 0 0 0 0 0 0 0 0
