Inf 1.57443411862544 0.730441059266919 0.515225992218369 0.531377637678338 0.411403134457717 0.238374045179779 0.282264078775742 0.492411266998622 0.314347972212421 0.606700499114256 0.535170557376066
1.57443411862544 Inf 0.733711790340361 0.627517223847751 0.392759989611337 0.513969064834826 0.249058254866204 0.286377426426551 0.324130130814683 0.412228282527039 0.520115761246479 0.703506079344936
0.730441059266919 0.733711790340361 Inf 1.25129137307277 0.54044395368518 0.581612053367498 0.367910409924076 0.205596901872165 0.259776353224561 0.228506104572197 0.761906713581533 0.671457719240491
0.515225992218369 0.627517223847751 1.25129137307277 Inf 0.373591379582525 0.665400552108825 0.335869149299993 0.266769621678522 0.0883166074047244 0.282036366722962 0.428073959420753 0.620245163596153
0.531377637678338 0.392759989611337 0.54044395368518 0.373591379582525 Inf 0.537509597362152 0.236397117372176 0.259781027806146 0.447151843910095 0.109743501152005 0.678225530645604 0.519937201363811
0.411403134457717 0.513969064834826 0.581612053367498 0.665400552108825 0.537509597362152 Inf 0.295279130448551 0.462417240387631 0.0434516798966435 -0.0178579491179393 0.41817208680307 0.72404154956773
0.238374045179779 0.249058254866204 0.367910409924076 0.335869149299993 0.236397117372176 0.295279130448551 Inf 0.556335452936422 0.065388388107751 0.0732044769088641 0.167302358513181 0.15323784845392
0.282264078775742 0.286377426426551 0.205596901872165 0.266769621678522 0.259781027806146 0.462417240387631 0.556335452936422 Inf -0.0942012705253153 0.00110503217951941 0.0367577830629625 0.197916686897889
0.492411266998622 0.324130130814683 0.259776353224561 0.0883166074047244 0.447151843910095 0.0434516798966435 0.065388388107751 -0.0942012705253153 Inf 0.529595174537022 0.700971635629238 0.345566645334866
0.314347972212421 0.412228282527039 0.228506104572197 0.282036366722962 0.109743501152005 -0.0178579491179393 0.0732044769088641 0.00110503217951941 0.529595174537022 Inf 0.238695606449519 0.459333812389393
0.606700499114256 0.520115761246479 0.761906713581533 0.428073959420753 0.678225530645604 0.41817208680307 0.167302358513181 0.0367577830629625 0.700971635629238 0.238695606449519 Inf 0.836174067619689
0.535170557376066 0.703506079344936 0.671457719240491 0.620245163596153 0.519937201363811 0.724041549567729 0.15323784845392 0.197916686897889 0.345566645334866 0.459333812389393 0.836174067619689 Inf
