Inf 0.535292843795381 0.326892123769367 0.187676809545704 0.271095294188773 0.0350154368150133 0.0145072444734673 0.00495230316517522 0.432339027285669 -0.060580604498682 0.255411138142465 -0.00632064175354882
0.535292843795381 Inf 0.22608530374832 0.547829901307222 0.105847596464704 0.478512953815677 0.124125281750495 0.241245210037753 0.115907599576924 0.544491767448466 0.0552525561993554 0.41786569532957
0.326892123769368 0.22608530374832 Inf 1.28777157223212 0.951851357867026 0.668033520411166 0.316626383040715 0.276150798704344 0.718954474621189 0.300118738801394 1.04730729813057 0.766358993723695
0.187676809545704 0.547829901307222 1.28777157223212 Inf 0.6701587850292 0.9168256740646 0.310789043934167 0.382055904498867 0.445141429578683 0.59338269369564 0.629810839665093 0.994240045344107
0.271095294188773 0.105847596464704 0.951851357867026 0.6701587850292 Inf 0.749129082581329 0.282772280117909 0.216536161615329 1.01364213685427 0.43531748268076 1.19109296196493 0.785672131262877
0.0350154368150133 0.478512953815677 0.668033520411166 0.9168256740646 0.749129082581329 Inf 0.374682420117514 0.343752735246109 0.431100512442902 0.778044087815469 0.535147893318898 1.01515616999359
0.0145072444734673 0.124125281750495 0.316626383040715 0.310789043934167 0.282772280117909 0.374682420117514 Inf 0.559541386779768 0.240203440404201 0.131774007226315 0.26931864130847 0.345080361547364
0.00495230316517522 0.241245210037753 0.276150798704344 0.382055904498867 0.216536161615329 0.343752735246109 0.559541386779768 Inf 0.0684963234122562 0.315848266044969 0.10232993483529 0.405384355023564
0.432339027285669 0.115907599576924 0.718954474621189 0.445141429578683 1.01364213685427 0.431100512442902 0.240203440404201 0.0684963234122562 Inf 0.336437273017546 1.16728459017533 0.596537285115603
-0.060580604498682 0.544491767448466 0.300118738801394 0.59338269369564 0.43531748268076 0.778044087815469 0.131774007226315 0.315848266044969 0.336437273017546 Inf 0.362283961835257 1.0803720731452
0.255411138142465 0.0552525561993554 1.04730729813057 0.629810839665093 1.19109296196493 0.535147893318898 0.26931864130847 0.10232993483529 1.16728459017533 0.362283961835257 Inf 0.783064332618733
-0.00632064175354882 0.41786569532957 0.766358993723695 0.994240045344107 0.785672131262877 1.01515616999359 0.345080361547364 0.405384355023564 0.596537285115603 1.0803720731452 0.783064332618733 Inf
