Inf 1.5700612752347 0.954932015321087 0.909505148017506 0.171687682001441 0.658074886441669 -0.0196495805324278 0.48321320806388 0.0769092873173331 0.323484353636562 0.816104245592269 0.917263674506128
1.5700612752347 Inf 0.965111625660634 0.98567722855435 0.190253865899906 0.837281357995383 0.021029821243598 0.587718078169477 0.174692989353227 0.604275913432132 0.819814471640824 1.0665615760821
0.954932015321087 0.965111625660634 Inf 1.62734194071082 0.132137191372801 0.600664308115735 -0.108300616792112 0.5263740357043 0.32543359772151 0.489117412137002 1.17281929953376 1.24619040921979
0.909505148017506 0.98567722855435 1.62734194071082 Inf 0.0216144927790518 0.680257869224671 -0.0639895483952999 0.570799945423024 0.176168412297226 0.522661672212849 0.87668895391582 1.3308407200823
0.17168768200144 0.190253865899906 0.132137191372801 0.0216144927790518 Inf 0.278525005208932 0.0195770248656035 0.0109814521572674 0.231353395386418 0.116902607133529 0.327858524880795 0.128597351858752
0.658074886441669 0.837281357995383 0.600664308115735 0.680257869224671 0.278525005208932 Inf 0.108145902676408 0.426138086506622 0.165445445785228 0.662478542819999 0.583859556472818 0.846704842866064
-0.0196495805324278 0.021029821243598 -0.108300616792112 -0.0639895483952999 0.0195770248656035 0.108145902676408 Inf 0.401100424596933 -0.043201365831953 0.0550257955385354 -0.0286102666430796 -0.0883686412950445
0.48321320806388 0.587718078169477 0.5263740357043 0.570799945423024 0.0109814521572674 0.426138086506622 0.401100424596933 Inf -0.00709467565112594 0.449692830074576 0.573081777212906 0.531693268138554
0.0769092873173331 0.174692989353227 0.32543359772151 0.176168412297226 0.231353395386418 0.165445445785228 -0.043201365831953 -0.00709467565112594 Inf 0.69762145382844 0.454653255361797 0.335816308506679
0.323484353636562 0.604275913432132 0.489117412137002 0.522661672212849 0.116902607133529 0.662478542819999 0.0550257955385354 0.449692830074576 0.69762145382844 Inf 0.542296337002478 0.745428963336545
0.816104245592269 0.819814471640824 1.17281929953376 0.87668895391582 0.327858524880795 0.583859556472818 -0.0286102666430796 0.573081777212906 0.454653255361797 0.542296337002478 Inf 1.08096305050326
0.917263674506128 1.0665615760821 1.24619040921979 1.3308407200823 0.128597351858752 0.846704842866064 -0.0883686412950445 0.531693268138554 0.335816308506679 0.745428963336545 1.08096305050326 Inf
