0 0 0 0 0 0 0 -0.39151372916396 0 0 0 0
0 0 0 0 0 0 0 -0.41977595296417 0 0 0 0
0 0 0 0 0 0 0 -0.206889871845785 0 0 0 0
0 0 0 0 0 0 0 -0.0850725320922311 0 0 0 0
0 0 0 0 0 0 0 -0.277274991183311 0 0 0 0
0 0 0 0 0 0 -0.0839691811505851 -0.0550612263900236 0 0 0 0
0 0 0 0 0 -0.0839691811505851 0 0 0 0 -0.0430822387879604 -0.103578654611311
-0.39151372916396 -0.41977595296417 -0.206889871845785 -0.0850725320922311 -0.277274991183311 -0.0550612263900236 0 0 -0.289952397090166 -0.214110222314807 -0.0702545507385549 -0.112310331695926
0 0 0 0 0 0 0 -0.289952397090166 0 0 0 0
0 0 0 0 0 0 0 -0.214110222314806 0 0 0 0
0 0 0 0 0 0 -0.0430822387879604 -0.0702545507385549 0 0 0 0
0 0 0 0 0 0 -0.103578654611311 -0.112310331695926 0 0 0 0
