0 0 0 -0.0622264367746865 0 0 -0.191276035069778 0 0 -0.0484879243521364 0 0
0 0 0 0 0 0 -0.195170070769971 0 0 0 0 0
0 0 0 0 0 0 0 0 0 0 0 0
-0.0622264367746865 0 0 0 0 0 -0.0411797473646309 0 0 0 0 0
0 0 0 0 0 0 0 0 0 0 0 0
0 0 0 0 0 0 -0.0765713075007889 0 0 0 0 0
-0.191276035069778 -0.195170070769971 0 -0.0411797473646309 0 -0.0765713075007889 0 0 0 0 -0.106485939239926 -0.0609931628047232
0 0 0 0 0 0 0 0 0 0 0 0
0 0 0 0 0 0 0 0 0 0 0 0
-0.0484879243521364 0 0 0 0 0 0 0 0 0 0 0
0 0 0 0 0 0 -0.106485939239926 0 0 0 0 0
0 0 0 0 0 0 -0.0609931628047232 0 0 0 0 0
