0 0 0 0 0 0 0 0 0 -0.319177091150509 0 -0.00921547815405795
0 0 0 0 0 0 0 0 -0.000125515332929614 0 0 0
0 0 0 0 0 0 0 0 0 0 0 0
0 0 0 0 0 0 0 0 -0.0753746484841965 0 0 0
0 0 0 0 0 0 0 0 0 -0.180130840313332 0 0
0 0 0 0 0 0 0 0 0 0 0 0
0 0 0 0 0 0 0 0 0 0 0 -0.0682839957761768
0 0 0 0 0 0 0 0 0 0 0 0
0 -0.000125515332929614 0 -0.0753746484841965 0 0 0 0 0 -0.0819530709438372 0 0
-0.319177091150509 0 0 0 -0.180130840313332 0 0 0 -0.0819530709438372 0 -0.12978716316325 0
0 0 0 0 0 0 0 0 0 -0.12978716316325 0 0
-0.00921547815405795 0 0 0 0 0 -0.0682839957761768 0 0 0 0 0
