Inf 1.59913969594458 0.962255145411828 0.825556754158944 0.615410029020675 0.72615578016872 0.36379643698735 0.414838660657106 0.602277380789838 0.481239175875496 0.766864187197933 0.465277268716603
1.59913969594458 Inf 0.889447736451433 0.821102087349615 0.557607222990502 0.748637287975002 0.409678912749108 0.416133758226194 0.524941972908309 0.57247687497302 0.733326245247165 0.602029428109244
0.962255145411828 0.889447736451433 Inf 1.10248752890579 0.404160519021137 0.343736489255547 0.537681445583338 0.365111191795578 0.65489703653536 0.250749248768438 0.58676386175143 0.21505368130711
0.825556754158944 0.821102087349615 1.10248752890579 Inf 0.341600934216578 0.452279384018905 0.400469603213535 0.378599230948111 0.423367478855333 0.306393150430012 0.564452632580181 0.447014951366365
0.615410029020675 0.557607222990502 0.404160519021137 0.341600934216578 Inf 0.705600383237731 0.241363300683843 0.160752183754549 0.348481442518587 0.229398761596406 0.648276881151714 0.535937455884874
0.72615578016872 0.748637287975002 0.343736489255547 0.452279384018905 0.705600383237731 Inf 0.199140543613333 0.406950429486109 0.324296004509233 0.633070444407963 0.53739676583766 0.944603775060103
0.36379643698735 0.409678912749108 0.537681445583338 0.400469603213535 0.241363300683843 0.199140543613333 Inf 0.483694478247506 0.176760553700639 0.125998367654935 0.246379480664214 0.123910451439285
0.414838660657106 0.416133758226194 0.365111191795578 0.378599230948111 0.160752183754549 0.406950429486109 0.483694478247506 Inf 0.209484525710159 0.465429606148475 0.263531099775738 0.326410587441982
0.602277380789838 0.524941972908309 0.65489703653536 0.423367478855333 0.348481442518587 0.324296004509233 0.176760553700639 0.209484525710159 Inf 0.625737063960998 0.754979680216603 0.145617278029814
0.481239175875496 0.57247687497302 0.250749248768438 0.306393150430012 0.229398761596406 0.633070444407963 0.125998367654935 0.465429606148475 0.625737063960998 Inf 0.422575655685048 0.496529075550285
0.766864187197933 0.733326245247165 0.58676386175143 0.564452632580181 0.648276881151714 0.53739676583766 0.246379480664214 0.263531099775738 0.754979680216603 0.422575655685048 Inf 0.607536159429428
0.465277268716603 0.602029428109244 0.21505368130711 0.447014951366365 0.535937455884874 0.944603775060103 0.123910451439285 0.326410587441982 0.145617278029814 0.496529075550285 0.607536159429428 Inf
