Inf 0.893799135829168 0.515423221303496 0.30561325410562 0.331194208156491 -0.0219112831939802 0.0334889998444275 -0.0637233639705814 0.300032286294465 -0.105812608528287 0.4649791425275 0.0247241698499408
0.893799135829168 Inf 0.431412888880427 0.4827746553762 0.107365483120472 -0.0691984973049714 0.000583413112185053 -0.0617518431111978 0.0413415709007811 -0.140321662441896 0.35028651880262 0.178218450649898
0.515423221303496 0.431412888880427 Inf 0.758915950082674 0.0914111218889907 -0.0525528424308366 0.220282008211917 0.0523523206115759 0.303998006054847 -0.0188427585572163 0.728596175715291 0.441874616383308
0.30561325410562 0.4827746553762 0.758915950082674 Inf -0.0771541120688061 -0.066664968885085 -0.0872685281347589 0.0523174914146319 0.164138884571842 -0.0163361741893039 0.32576171363015 0.520970704185234
0.331194208156491 0.107365483120472 0.0914111218889907 -0.0771541120688061 Inf 0.253424497944278 0.062729030432033 0.0938387943637586 0.0359146375204629 0.247970275432438 0.0715310140439998 -0.102529851328845
-0.0219112831939802 -0.0691984973049714 -0.0525528424308366 -0.066664968885085 0.253424497944278 Inf 0.0964575335617708 -0.0159855797565218 -0.282995818411045 -0.096428631640286 -0.0857404959235242 -0.00963443951423453
0.0334889998444275 0.000583413112185053 0.220282008211917 -0.0872685281347589 0.062729030432033 0.0964575335617708 Inf 0.324521522846123 0.149790094149517 0.0700040835550023 0.194904819600118 0.185187512394624
-0.0637233639705814 -0.0617518431111978 0.0523523206115759 0.0523174914146319 0.0938387943637586 -0.0159855797565218 0.324521522846123 Inf 0.0340571272975149 0.0299486506987412 0.0795334216321793 0.081430601263343
0.300032286294465 0.0413415709007811 0.303998006054847 0.164138884571842 0.0359146375204629 -0.282995818411045 0.149790094149517 0.0340571272975149 Inf 0.166319653538194 0.361709834001761 0.116879193098009
-0.105812608528287 -0.140321662441896 -0.0188427585572163 -0.0163361741893039 0.247970275432438 -0.096428631640286 0.0700040835550023 0.0299486506987412 0.166319653538194 Inf -0.119523891818345 -0.00946546478829045
0.4649791425275 0.35028651880262 0.728596175715291 0.32576171363015 0.0715310140439998 -0.0857404959235242 0.194904819600118 0.0795334216321793 0.361709834001761 -0.119523891818345 Inf 0.444924571459034
0.0247241698499408 0.178218450649898 0.441874616383308 0.520970704185234 -0.102529851328844 -0.00963443951423453 0.185187512394624 0.081430601263343 0.116879193098009 -0.00946546478829045 0.444924571459034 Inf
