1 0.924451108419576 0.375201693753086 0.245233127521442 0.521066662360476 0.560545968042571 0.177608853867778 0.23515342966576 0.11509453840716 0.0898922327144431 0.408988858367313 0.284263930181838
0.924451108419575 1 0.439418543524281 0.32595042727237 0.529455346569068 0.625198180013245 0.195406940939738 0.191691982916935 0.166266497750144 0.251610435185339 0.39640540027534 0.253855335185121
0.375201693753086 0.439418543524281 1 0.88278253370296 0.497897269424706 0.598754272548035 0.044412022254298 0.249876469694689 0.355499991974734 0.326211374969259 0.654357795049446 0.524721146750174
0.245233127521442 0.32595042727237 0.88278253370296 1 0.312962857957139 0.439248317414921 0.0146906167602426 0.233919431532029 0.153725218883771 0.2257487246385 0.572600752515601 0.577355760703151
0.521066662360476 0.529455346569068 0.497897269424706 0.312962857957139 1 0.749410960630259 0.0946020496496379 0.324007036432711 0.368254654716325 0.342298331155676 0.497888006947072 0.383535031340712
0.560545968042571 0.625198180013245 0.598754272548035 0.439248317414921 0.749410960630259 1 0.123278194276691 0.267732308906574 0.230390617925285 0.268484610151192 0.452827146742008 0.365641705325329
0.177608853867778 0.195406940939738 0.044412022254298 0.0146906167602426 0.0946020496496379 0.123278194276691 1 0.422915074439494 0 0.00952547205487576 0.0481593489295116 0.1203627573523
0.23515342966576 0.191691982916935 0.249876469694689 0.233919431532029 0.324007036432711 0.267732308906574 0.422915074439494 1 0 0.124284022081692 0.332142559504332 0.522734946109213
0.11509453840716 0.166266497750144 0.355499991974734 0.153725218883771 0.368254654716325 0.230390617925285 0 0 1 0.665325718109519 0.188083949623217 0
0.0898922327144431 0.251610435185339 0.326211374969259 0.2257487246385 0.342298331155676 0.268484610151192 0.00952547205487576 0.124284022081692 0.665325718109519 1 0.166566584741866 0.0699603048253067
0.408988858367313 0.39640540027534 0.654357795049446 0.572600752515601 0.497888006947072 0.452827146742008 0.0481593489295116 0.332142559504332 0.188083949623217 0.166566584741866 1 0.774796173430423
0.284263930181838 0.253855335185121 0.524721146750174 0.57735576070315 0.383535031340712 0.365641705325329 0.1203627573523 0.522734946109213 0 0.0699603048253067 0.774796173430423 1
