Inf 1.51157619656002 0.734980844863723 0.574637787384606 0.587138084383692 0.277370928922648 0.23345527699139 0.323820351870453 0.70228653399438 0.526964684420388 0.645914298426383 0.706762129930252
1.51157619656002 Inf 0.644795757496943 0.566093000787933 0.52153310533075 0.274062730647784 0.296871446185724 0.362455895200951 0.550407345775283 0.553726093816724 0.468666890363048 0.690812703464704
0.734980844863723 0.644795757496943 Inf 1.58749230659035 0.584669265590502 0.224076352662652 0.337317483805753 0.386512776931146 0.759053407247601 0.372686341204639 0.604905644614501 0.561612609925038
0.574637787384606 0.566093000787933 1.58749230659036 Inf 0.507194356181231 0.225391252330965 0.294496696891289 0.340116371551672 0.51590968924573 0.227484675999443 0.421752852580615 0.446240146502802
0.587138084383692 0.52153310533075 0.584669265590502 0.507194356181231 Inf 0.288912544739362 0.499675501545844 0.431275498703993 0.619705768307515 0.54811379521848 0.623470881811381 0.69500533763985
0.277370928922648 0.274062730647784 0.224076352662652 0.225391252330965 0.288912544739362 Inf 0.19795643337131 0.04761752540204 0.143138667718577 0.106635797135591 0.129102664203731 0.0654724677481836
0.23345527699139 0.296871446185724 0.337317483805753 0.294496696891289 0.499675501545844 0.19795643337131 Inf 0.499507530535394 0.322543092178851 0.363772769301253 0.22615558482492 0.319756962650154
0.323820351870453 0.362455895200951 0.386512776931146 0.340116371551672 0.431275498703993 0.04761752540204 0.499507530535394 Inf 0.555005598629626 0.31359825478467 0.310644845298987 0.294599458608867
0.70228653399438 0.550407345775283 0.759053407247601 0.51590968924573 0.619705768307515 0.143138667718577 0.322543092178851 0.555005598629626 Inf 0.671255486519218 0.90424814086479 0.638127957943139
0.526964684420387 0.553726093816724 0.372686341204639 0.227484675999443 0.54811379521848 0.106635797135591 0.363772769301253 0.31359825478467 0.671255486519218 Inf 0.634002769975775 1.12759098011868
0.645914298426383 0.468666890363048 0.604905644614501 0.421752852580615 0.623470881811381 0.129102664203731 0.22615558482492 0.310644845298987 0.90424814086479 0.634002769975775 Inf 0.894130673421677
0.706762129930252 0.690812703464704 0.561612609925038 0.446240146502802 0.69500533763985 0.0654724677481836 0.319756962650154 0.294599458608867 0.638127957943139 1.12759098011868 0.894130673421677 Inf
