Inf 0.637594476406731 0.073890127252538 -0.180677592908374 0.417774738079539 -0.00772506976905625 0.201563135531325 -0.150301007133446 0.366781088991599 -0.234870073506056 0.204759554101244 -0.195239047530761
0.637594476406731 Inf 0.0498453177434761 0.01459778304128 0.172925826992658 0.158817972484261 0.431236951566242 0.229334584774104 -0.0617753109662655 -0.219358675068081 -0.0885067785207629 -0.0333246307925933
0.073890127252538 0.0498453177434761 Inf 1.24728421210538 0.359373986460988 0.392995403376905 0.251149224161148 0.411356039422096 0.391771401987887 0.561774494980413 0.716812864683574 0.641786362317088
-0.180677592908374 0.01459778304128 1.24728421210538 Inf 0.0824803242979228 0.408541438646496 0.212285635532082 0.67639384807723 0.0525138084346471 0.737737280320516 0.362784601396315 0.943927902221598
0.417774738079539 0.172925826992658 0.359373986460988 0.0824803242979228 Inf 0.556109953725796 0.102563214823196 -0.0280017269606957 0.645163066340497 0.0637988170560915 0.823049207367293 0.244537320507975
-0.00772506976905625 0.158817972484261 0.392995403376905 0.408541438646496 0.556109953725796 Inf 0.0876166476229412 0.311039315336081 0.269124830113336 0.500048236273352 0.42860592420525 0.767614705906468
0.201563135531325 0.431236951566242 0.251149224161148 0.212285635532082 0.102563214823196 0.0876166476229412 Inf 0.507303492736816 -0.0443501353238606 -0.0560146921922839 0.0460963862191182 0.0771880017360968
-0.150301007133446 0.229334584774104 0.411356039422096 0.67639384807723 -0.0280017269606957 0.311039315336081 0.507303492736816 Inf -0.144687412693935 0.331615890730528 0.0990490892712833 0.541698432086566
0.366781088991599 -0.0617753109662655 0.391771401987887 0.0525138084346471 0.645163066340497 0.269124830113336 -0.0443501353238606 -0.144687412693935 Inf 0.342236523470423 1.00403225842681 0.203620819792156
-0.234870073506056 -0.219358675068081 0.561774494980413 0.737737280320516 0.0637988170560915 0.500048236273352 -0.0560146921922839 0.331615890730528 0.342236523470423 Inf 0.511126938845429 1.13028904538606
0.204759554101244 -0.0885067785207629 0.716812864683574 0.362784601396315 0.823049207367293 0.42860592420525 0.0460963862191182 0.0990490892712833 1.00403225842681 0.511126938845429 Inf 0.562462205294493
-0.195239047530761 -0.0333246307925933 0.641786362317088 0.943927902221598 0.244537320507975 0.767614705906468 0.0771880017360968 0.541698432086566 0.203620819792156 1.13028904538606 0.562462205294493 Inf
