Inf 1.05219057343435 0.444256439490721 0.224800753961943 0.548481769911813 0.320293519620786 0.261821358163523 0.52099016524504 0.329722982452903 0.224995299564066 0.499087077212526 0.404737183740894
1.05219057343435 Inf 0.408888936731372 0.403840845591246 0.322460159951325 0.397349096236358 0.267204724020662 0.486916663947488 0.064053976693323 0.296794310241333 0.234733750868749 0.524242882030038
0.444256439490721 0.408888936731372 Inf 1.25401909244323 0.611583441888119 0.527925471920558 0.558069178444489 0.474141257389189 0.623863245109144 0.650626658797146 0.632536681389829 0.518844619377051
0.224800753961943 0.403840845591246 1.25401909244323 Inf 0.358730056182332 0.651021533341578 0.54485675047678 0.515570318669284 0.330632037322055 0.729875504257511 0.319376274101404 0.582039638411206
0.548481769911813 0.322460159951325 0.611583441888119 0.358730056182332 Inf 0.670388233490124 0.383739949232114 0.387164884835498 0.87191770578777 0.649143879863952 1.17952801011096 0.744212847060888
0.320293519620786 0.397349096236358 0.527925471920558 0.651021533341578 0.670388233490124 Inf 0.358432325257719 0.385051935269658 0.372886132199088 0.763117257932741 0.507273184802501 0.913709302576298
0.261821358163523 0.267204724020662 0.558069178444489 0.54485675047678 0.383739949232114 0.358432325257719 Inf 0.542784319545978 0.349633357653489 0.444225415991385 0.262687939380053 0.249026116647878
0.52099016524504 0.486916663947488 0.474141257389189 0.515570318669284 0.387164884835498 0.385051935269658 0.542784319545978 Inf 0.291528891973523 0.396057362814095 0.233998848624235 0.239342114305746
0.329722982452903 0.064053976693323 0.623863245109144 0.330632037322055 0.87191770578777 0.372886132199088 0.34963335765349 0.291528891973523 Inf 0.764543096642729 0.97229437294921 0.424956434729101
0.224995299564066 0.296794310241333 0.650626658797146 0.729875504257511 0.649143879863952 0.763117257932741 0.444225415991385 0.396057362814095 0.764543096642729 Inf 0.620935628932902 0.939772468175946
0.499087077212525 0.234733750868749 0.632536681389828 0.319376274101404 1.17952801011096 0.507273184802501 0.262687939380053 0.233998848624235 0.97229437294921 0.620935628932902 Inf 0.761976864148794
0.404737183740894 0.524242882030038 0.518844619377051 0.582039638411206 0.744212847060888 0.913709302576298 0.249026116647878 0.239342114305746 0.424956434729101 0.939772468175946 0.761976864148794 Inf
