0 0 0 0 0 -0.0249385614900457 0 0 0 0 -0.042278655399706 -0.127258286892764
0 0 0 0 -0.147069653170801 -0.0590145952117877 0 0 -0.0636456557910339 0 -0.305405407596843 -0.20660860880412
0 0 0 0 0 0 0 0 0 0 0 0
0 0 0 0 0 0 0 0 0 0 0 0
0 -0.147069653170801 0 0 0 0 0 0 0 0 0 0
-0.0249385614900457 -0.0590145952117877 0 0 0 0 0 -0.048427475951005 0 0 0 0
0 0 0 0 0 0 0 0 0 0 0 -0.114534224592226
0 0 0 0 0 -0.048427475951005 0 0 0 0 0 -0.0331588033615059
0 -0.0636456557910339 0 0 0 0 0 0 0 0 0 0
0 0 0 0 0 0 0 0 0 0 0 0
-0.042278655399706 -0.305405407596843 0 0 0 0 0 0 0 0 0 0
-0.127258286892764 -0.20660860880412 0 0 0 0 -0.114534224592226 -0.0331588033615059 0 0 0 0
