Inf 1.1087120205472 0.808808181667644 0.380212741487148 0.204545410492732 0.286077176579757 0.514460707103063 0.279920847173111 0.692513818828114 0.470433116256363 1.02698351708102 0.437147950308104
1.1087120205472 Inf 0.744801006999305 0.607410551074722 0.176059320528226 0.47776964394473 0.496903791585339 0.330575400411921 0.505082249858323 0.84371173856144 0.704404656922889 0.729667235895497
0.808808181667644 0.744801006999305 Inf 1.32961574526133 0.278998662880174 0.425361165689702 0.516497105401791 0.548626158680906 0.62119199171714 0.703752712689541 1.15346091919796 0.810768938857972
0.380212741487148 0.607410551074722 1.32961574526133 Inf 0.206172903575673 0.475591300835656 0.388237097416451 0.629015699513389 0.308007321467248 0.800776287694532 0.625551185011752 0.951245100495529
0.204545410492732 0.176059320528226 0.278998662880174 0.206172903575673 Inf 0.579392157934703 0.171619556578091 0.0712268535508332 0.406107812403418 0.153861922757689 0.395180185262459 0.243614762467357
0.286077176579757 0.47776964394473 0.425361165689702 0.475591300835656 0.579392157934703 Inf 0.273077321586586 0.288679969714388 0.268135671096622 0.391671412826029 0.436296441490405 0.428889496570806
0.514460707103063 0.496903791585339 0.516497105401791 0.388237097416451 0.171619556578091 0.273077321586586 Inf 0.59449251329098 0.276519386876756 0.387589517665947 0.587147656905245 0.495667868425486
0.279920847173111 0.330575400411921 0.548626158680906 0.629015699513389 0.0712268535508332 0.288679969714388 0.59449251329098 Inf 0.261545953969 0.474240333162909 0.450216835882719 0.516100608552676
0.692513818828114 0.505082249858323 0.62119199171714 0.308007321467248 0.406107812403418 0.268135671096622 0.276519386876756 0.261545953969 Inf 0.5328305619366 1.21370569036181 0.566310590183741
0.470433116256363 0.84371173856144 0.703752712689541 0.800776287694532 0.153861922757689 0.391671412826029 0.387589517665947 0.474240333162909 0.5328305619366 Inf 0.644448364678963 1.31347305619123
1.02698351708102 0.704404656922889 1.15346091919796 0.625551185011752 0.395180185262459 0.436296441490405 0.587147656905245 0.450216835882719 1.21370569036181 0.644448364678963 Inf 0.796337242528981
0.437147950308104 0.729667235895497 0.810768938857972 0.951245100495529 0.243614762467357 0.428889496570806 0.495667868425486 0.516100608552676 0.566310590183741 1.31347305619123 0.796337242528981 Inf
