Inf 1.17063317231168 0.269636766959258 0.234125546268638 0.26134681282098 0.39730332968302 0.0863951677332216 0.209332313496084 0.314056189792467 0.324205355059059 0.334248085049632 0.42235149363209
1.17063317231168 Inf 0.324716222092502 0.329543308324373 0.180066668139567 0.553004687295348 0.0398813942961846 0.110042008181377 0.392125660165321 0.254233450238788 0.326677123971396 0.440415985878347
0.269636766959258 0.324716222092502 Inf 1.48570488972879 0.620178866628646 0.282140081873281 0 0.211005671666886 0.288029529481739 0.194192798582566 0.883055524927379 0.574524127344724
0.234125546268638 0.329543308324373 1.48570488972879 Inf 0.506538755675703 0.238654677385698 0 0.124471680676464 0.218386091714331 0.185075582592031 0.655664260530777 0.471248116117757
0.26134681282098 0.180066668139567 0.620178866628646 0.506538755675703 Inf 0.34006367484271 0 0.235888251012082 0.282593514365469 0.127947442532404 1.05494987702467 0.692485544414673
0.39730332968302 0.553004687295348 0.282140081873281 0.238654677385698 0.34006367484271 Inf 0.127952848501544 0.0199008428782444 0.194528585996855 0 0.338769986372141 0.370827865186803
0.0863951677332216 0.0398813942961846 0 0 0 0.127952848501544 Inf 0.299383354433011 0.0880239375390003 0.0956331139512711 0.0677094349685165 0.141235541644078
0.209332313496084 0.110042008181377 0.211005671666886 0.124471680676464 0.235888251012082 0.0199008428782444 0.299383354433011 Inf 0.109177872020729 0.136571314896084 0.301239552142554 0.362577397238835
0.314056189792467 0.392125660165321 0.288029529481739 0.218386091714331 0.282593514365469 0.194528585996855 0.0880239375390003 0.109177872020729 Inf 0.59456148345491 0.348835199432744 0.242587056525666
0.324205355059059 0.254233450238788 0.194192798582566 0.185075582592031 0.127947442532404 0 0.0956331139512711 0.136571314896084 0.59456148345491 Inf 0.199757972206973 0.219576588045336
0.334248085049632 0.326677123971396 0.883055524927379 0.655664260530777 1.05494987702467 0.338769986372141 0.0677094349685165 0.301239552142554 0.348835199432744 0.199757972206973 Inf 1.06850886849261
0.42235149363209 0.440415985878347 0.574524127344724 0.471248116117757 0.692485544414673 0.370827865186803 0.141235541644078 0.362577397238835 0.242587056525666 0.219576588045336 1.06850886849261 Inf
