1 0.674930555846983 0.421506851774203 0.283109077462794 0.237673652634064 0.184163732369098 0.0423308750103577 0 0.243969569666943 0.355731662530448 0.385897153545451 0.483824824149336
0.674930555846982 1 0.230262573911366 0.184970640660448 0.0611657751312003 0.190002976017942 0 0 0.279929503303295 0.419866927347542 0.252270143855159 0.316226634119344
0.421506851774203 0.230262573911366 1 0.921366157682529 0.465529519315085 0.285405187366896 0 0 0.665809347990311 0.701156616667491 0.763408830477179 0.731705922295658
0.283109077462794 0.184970640660448 0.921366157682529 1 0.438054760830697 0.269947690407581 0 0 0.574509749159333 0.727626058435097 0.684601933438875 0.665122874502564
0.237673652634064 0.0611657751312003 0.465529519315085 0.438054760830697 1 0.521127810530699 0 0 0.43288548867339 0.299424056544314 0.432282161381558 0.421566408796044
0.184163732369098 0.190002976017942 0.285405187366896 0.269947690407581 0.521127810530699 1 0.0469937184648663 0.00251562132360549 0.419415479321048 0.151903566852636 0.32735343025724 0.368907028530431
0.0423308750103577 0 0 0 0 0.0469937184648664 1 0.2240187850237 0 0 0 0
0 0 0 0 0 0.00251562132360549 0.2240187850237 1 0 0 0 0
0.243969569666943 0.279929503303295 0.665809347990311 0.574509749159333 0.43288548867339 0.419415479321048 0 0 1 0.517558085798437 0.810677306324024 0.641831255207448
0.355731662530448 0.419866927347542 0.701156616667491 0.727626058435097 0.299424056544314 0.151903566852636 0 0 0.517558085798438 1 0.568899257704222 0.548651305818082
0.385897153545451 0.252270143855159 0.763408830477179 0.684601933438875 0.432282161381558 0.32735343025724 0 0 0.810677306324024 0.568899257704222 1 0.856426690453523
0.483824824149336 0.316226634119344 0.731705922295658 0.665122874502564 0.421566408796044 0.368907028530431 0 0 0.641831255207448 0.548651305818082 0.856426690453523 1
