Inf 0.624101776120495 0.616883852561815 0.345604034835326 0.627519677227028 0.468714581216632 0.170227083568169 0.144454349597159 0.558766436723525 0.178323542239133 0.657326972771535 0.400554572013664
0.624101776120495 Inf 0.360562684336375 0.39859772680622 0.236362032964685 0.385836829766572 0.0424139436505918 0.292916438844006 0.322551482932331 0.40877458472603 0.354060590218311 0.523268197114455
0.616883852561815 0.360562684336375 Inf 1.30385931498234 1.09136535403701 0.900912065681235 0.399388365119676 0.120981663727378 0.916033545759466 0.378642459963172 1.33336217694019 0.994092717775983
0.345604034835326 0.39859772680622 1.30385931498234 Inf 0.708424418599556 0.808220026594405 0.320918717239561 0.273461145666219 0.608918726545176 0.604351978618197 0.797002253509639 1.2089597486719
0.627519677227028 0.236362032964685 1.09136535403701 0.708424418599556 Inf 1.14835644900924 0.373141404088459 0.15298757718948 1.26984168908376 0.3081079745337 1.66299704598373 0.852709053830594
0.468714581216632 0.385836829766572 0.900912065681235 0.808220026594405 1.14835644900924 Inf 0.297195795087339 0.265128098010509 1.00255880396616 0.611741941637163 1.08543381679968 1.13491186039388
0.170227083568169 0.0424139436505918 0.399388365119676 0.320918717239561 0.373141404088459 0.297195795087339 Inf 0.0196162661902259 0.329431289166692 0.101785133988418 0.342580322450941 0.263275692755497
0.144454349597159 0.292916438844006 0.120981663727378 0.273461145666219 0.15298757718948 0.265128098010509 0.0196162661902259 Inf 0.152999197812938 0.198165536856459 0.112713923817762 0.268558404927297
0.558766436723525 0.322551482932331 0.916033545759466 0.608918726545176 1.26984168908376 1.00255880396616 0.329431289166692 0.152999197812938 Inf 0.379441147802257 1.38655154261098 0.752836729882964
0.178323542239133 0.40877458472603 0.378642459963172 0.604351978618197 0.3081079745337 0.611741941637163 0.101785133988418 0.198165536856459 0.379441147802257 Inf 0.317341449166741 0.852639643129536
0.657326972771535 0.354060590218311 1.33336217694019 0.797002253509639 1.66299704598373 1.08543381679968 0.342580322450941 0.112713923817762 1.38655154261098 0.317341449166741 Inf 0.969385968527189
0.400554572013664 0.523268197114455 0.994092717775983 1.2089597486719 0.852709053830594 1.13491186039388 0.263275692755497 0.268558404927297 0.752836729882964 0.852639643129536 0.969385968527187 Inf
