Inf 1.4349900326133 0.844598076438587 0.64450628495696 0.419052183133474 0.274439064188505 0.486756904583062 0.433906303821249 0.911529268874658 0.569530461043504 0.919802494648939 0.619152695099642
1.4349900326133 Inf 0.709510991186268 0.645414267141086 0.322732218990772 0.383866254985189 0.342018889515176 0.448773628094901 0.697912058312886 0.777840132791898 0.745015888651689 0.823446810007573
0.844598076438587 0.709510991186268 Inf 1.6450873408816 0.334372049304113 0.116009350575689 0.384098939512144 0.425306707253267 0.869258956059344 0.62307397887631 1.06943978137994 0.641329052650887
0.64450628495696 0.645414267141086 1.6450873408816 Inf 0.199147847857234 0.0872241941590971 0.34630695679031 0.545404442628684 0.780364196768874 0.780775903769783 0.875965032791494 0.688104297981683
0.419052183133474 0.322732218990772 0.334372049304113 0.199147847857234 Inf 0.224459049588384 0.154913221514517 0.120820896330076 0.346723080247447 0.150408493037359 0.431569030795557 0.324200149485144
0.274439064188505 0.383866254985189 0.116009350575689 0.0872241941590971 0.224459049588384 Inf 0.055709630298961 0.00556248018763786 0.0822363056882851 0.339832551036214 0.207654882662676 0.598740339829602
0.486756904583062 0.342018889515176 0.384098939512144 0.34630695679031 0.154913221514517 0.055709630298961 Inf 0.492104372166107 0.547807642105742 0.326537359319895 0.479634937852675 0.218045951136169
0.433906303821249 0.448773628094901 0.425306707253267 0.545404442628684 0.120820896330076 0.00556248018763786 0.492104372166107 Inf 0.523864200235586 0.572144650086621 0.442108598579122 0.305608653989812
0.911529268874658 0.697912058312886 0.869258956059344 0.780364196768874 0.346723080247447 0.0822363056882851 0.547807642105742 0.523864200235586 Inf 0.795998263379919 1.12025941303513 0.50702253580433
0.569530461043504 0.777840132791898 0.62307397887631 0.780775903769783 0.150408493037359 0.339832551036214 0.326537359319895 0.572144650086621 0.795998263379919 Inf 0.660628059955221 0.846288458631109
0.919802494648939 0.745015888651689 1.06943978137994 0.875965032791494 0.431569030795557 0.207654882662676 0.479634937852675 0.442108598579122 1.12025941303513 0.660628059955221 Inf 0.769604544109825
0.619152695099642 0.823446810007573 0.641329052650887 0.688104297981683 0.324200149485144 0.598740339829602 0.218045951136169 0.305608653989812 0.50702253580433 0.846288458631109 0.769604544109827 Inf
