Inf 0.601612316841896 0.881596891861348 0.700582660619038 0.471751013256916 0.0641112197909239 0.202788678745818 0.125232911625201 0.548785639943498 -0.103729039795058 0.532188373390821 0.467123692220359
0.601612316841896 Inf 0.547600579954712 0.632969110984302 0.182007851520058 0.10746498822737 0.0347014954561351 -0.0799551885448547 0.277609117473879 0.146675399370763 0.438214841147851 0.403935490128126
0.881596891861348 0.547600579954712 Inf 1.3398220655034 0.553402683423557 0.0853992528070562 0.0565659924433639 0.113701820348865 0.630282256465252 0.125174812785443 0.8807039366103 0.599592929259145
0.700582660619038 0.632969110984302 1.3398220655034 Inf 0.482138001235073 0.12479083209651 0.0287837835151318 0.160761557060595 0.505643403000321 0.20111926687413 0.737443709953346 0.724633368888151
0.471751013256917 0.182007851520058 0.553402683423557 0.482138001235073 Inf -0.139344413017012 0.165025744214056 0.00134097405459488 0.517269890721349 -0.185481470453886 0.526902194288198 0.655862776651921
0.0641112197909239 0.10746498822737 0.0853992528070562 0.12479083209651 -0.139344413017012 Inf 0.25725676729736 0.165054036235071 0.176127849065399 0.429259142943751 0.224625599630777 0.267234435448866
0.202788678745818 0.0347014954561351 0.0565659924433639 0.0287837835151318 0.165025744214056 0.25725676729736 Inf 0.187623780842687 0.00633653883221448 -0.154423906227057 -0.00826366200551017 0.186375500153573
0.125232911625201 -0.0799551885448547 0.113701820348865 0.160761557060595 0.00134097405459488 0.165054036235071 0.187623780842687 Inf -0.0308045283024562 -0.135566061412795 0.00186366270784199 -0.042050112013905
0.548785639943498 0.277609117473879 0.630282256465252 0.505643403000321 0.517269890721349 0.176127849065399 0.00633653883221448 -0.0308045283024562 Inf 0.254640209906621 0.607496818583344 0.418600266208469
-0.103729039795058 0.146675399370763 0.125174812785443 0.20111926687413 -0.185481470453886 0.429259142943751 -0.154423906227057 -0.135566061412795 0.254640209906621 Inf 0.222042723767314 0.135108745573022
0.532188373390821 0.438214841147851 0.8807039366103 0.737443709953346 0.526902194288198 0.224625599630777 -0.00826366200551017 0.00186366270784199 0.607496818583344 0.222042723767314 Inf 0.803892741782919
0.467123692220359 0.403935490128126 0.599592929259145 0.724633368888151 0.655862776651921 0.267234435448866 0.186375500153573 -0.042050112013905 0.418600266208467 0.135108745573022 0.803892741782919 Inf
