Inf 1.13584083032578 0.449924689204002 0.281629418165859 0.0567241988519707 0.312107006110757 0.0258688403596374 0.176920947604259 0.184302591766441 0.279028004072685 0.313641796979294 0.27167428955427
1.13584083032578 Inf 0.442113129009725 0.348724107409564 0.0154460273453123 0.213663108441852 0.00865253059485567 0.0799305716876498 0.166624236130096 0.493898336937641 0.304192376273186 0.372935277788709
0.449924689204002 0.442113129009725 Inf 1.47316942483553 0.40258154166636 0.459823798074393 0.255127413371971 0.103606739367406 0.186153388335462 0.439955968083714 0.848846447407125 0.767546941059641
0.281629418165859 0.348724107409564 1.47316942483553 Inf 0.363182954482612 0.398398181761088 0.222265862440886 0.116738861748705 0.0684608634196632 0.393828992943162 0.690725776720233 0.712235372460188
0.0567241988519707 0.0154460273453123 0.40258154166636 0.363182954482612 Inf 0.355855235044241 0.259318420597312 0.0788172875863053 0.00786182955443564 0.106857194048807 0.254622877620454 0.255563554445099
0.312107006110757 0.213663108441852 0.459823798074393 0.398398181761088 0.355855235044241 Inf 0.248258117613741 0.139426280211552 0.17593443231887 0.148645862483833 0.315217172546783 0.322571382770504
0.0258688403596374 0.00865253059485567 0.255127413371971 0.222265862440886 0.259318420597312 0.248258117613741 Inf 0.26303101513684 0.0663634581855573 0.16732519670842 0.0480812383792327 0.0446030084493716
0.176920947604259 0.0799305716876498 0.103606739367406 0.116738861748705 0.0788172875863053 0.139426280211552 0.26303101513684 Inf 0.025384956838042 0.11473218180823 0.117688682751817 0.16935247060891
0.184302591766441 0.166624236130096 0.186153388335462 0.0684608634196632 0.00786182955443564 0.17593443231887 0.0663634581855573 0.025384956838042 Inf 0.736855703443288 0.497095968285059 0.400948544738312
0.279028004072685 0.493898336937641 0.439955968083714 0.393828992943162 0.106857194048807 0.148645862483833 0.16732519670842 0.11473218180823 0.736855703443288 Inf 0.556232150999449 0.725927816883
0.313641796979294 0.304192376273186 0.848846447407125 0.690725776720233 0.254622877620454 0.315217172546783 0.0480812383792327 0.117688682751817 0.497095968285059 0.556232150999449 Inf 1.27204181208805
0.27167428955427 0.372935277788709 0.767546941059641 0.712235372460188 0.255563554445099 0.322571382770504 0.0446030084493716 0.16935247060891 0.400948544738312 0.725927816883 1.27204181208805 Inf
