0 0 0 0 0 0 0 0 0 0.330730589395734 0 0.00921573904229459
0 0 0 0 0 0 0 0 0.000125515333588725 0 0 0
0 0 0 0 0 0 0 0 0 0 0 0
0 0 0 0 0 0 0 0 0.0755178799924365 0 0 0
0 0 0 0 0 0 0 0 0 0.182117913382478 0 0
0 0 0 0 0 0 0 0 0 0 0 0
0 0 0 0 0 0 0 0 0 0 0 0.068390423033718
0 0 0 0 0 0 0 0 0 0 0 0
0 0.000125515333588725 0 0.0755178799924365 0 0 0 0 0 0.0821372878327127 0 0
0.330730589395734 0 0 0 0.182117913382478 0 0 0 0.0821372878327127 0 0.130523360505867 0
0 0 0 0 0 0 0 0 0 0.130523360505867 0 0
0.00921573904229459 0 0 0 0 0 0.068390423033718 0 0 0 0 0
