Inf 1.20571476352228 0.889605647252765 0.430918004400739 0.399665608999093 0.521449999126068 0 0.307621430543657 0.61054730682615 0.0734723069713969 0.567768005833878 0.441488937573881
1.20571476352228 Inf 0.865044006772624 0.447190860631298 0.432820167997007 0.529703854078957 0 0.346369354348998 0.703219803374098 0.328159937841271 0.496849732244542 0.521301877294836
0.889605647252765 0.865044006772624 Inf 0.963418184664509 0.256829377255833 0.458327101385821 0 0.368455672620212 0.597020381661058 0.140917983789741 0.504424146538684 0.519713018394804
0.430918004400739 0.447190860631298 0.963418184664509 Inf 0.163815402175179 0.397268614941614 0 0.264304729234897 0.361414544805663 0.345806125563392 0.338206260308618 0.597502809480943
0.399665608999093 0.432820167997007 0.256829377255833 0.163815402175179 Inf 0.749359500503947 0.180647236328502 0.125974251732868 0.294142112762767 0.137964231462855 0.597478960510663 0.400615026874259
0.521449999126068 0.529703854078957 0.458327101385821 0.397268614941614 0.749359500503947 Inf 0.0648711596420506 0.262810936722196 0.306161678584078 0.1947397252577 0.541878131757444 0.469419933042214
0 0 0 0 0.180647236328502 0.0648711596420506 Inf 0.244720213076144 0 0 0 0
0.307621430543657 0.346369354348998 0.368455672620212 0.264304729234896 0.125974251732868 0.262810936722196 0.244720213076144 Inf 0.0542444617677164 0.132773232885138 0.0765145273853407 0.142323460011819
0.61054730682615 0.703219803374098 0.597020381661058 0.361414544805663 0.294142112762767 0.306161678584078 0 0.0542444617677164 Inf 0.369596210150157 0.63853800584273 0.652392099039164
0.0734723069713969 0.328159937841271 0.140917983789741 0.345806125563392 0.137964231462855 0.1947397252577 0 0.132773232885138 0.369596210150157 Inf 0.28868270707351 0.694105358956323
0.567768005833878 0.496849732244542 0.504424146538684 0.338206260308618 0.597478960510663 0.541878131757444 0 0.0765145273853407 0.63853800584273 0.28868270707351 Inf 0.883702386596659
0.441488937573881 0.521301877294836 0.519713018394804 0.597502809480943 0.400615026874259 0.469419933042214 0 0.142323460011819 0.652392099039164 0.694105358956324 0.883702386596659 Inf
