Inf 1.54687063191865 1.0891176162448 0.928607096353067 0.685440478135278 0.781181625202725 0.182747434679708 0.252622964865979 1.09399833775261 0.632422691697973 0.941128528000987 0.953198794220229
1.54687063191865 Inf 0.944044611878201 0.859652812925255 0.547914336147728 0.632655356905037 0.120283840442183 0.210874972620232 0.854669044834074 0.64555917029696 0.795048816555152 0.871245395690822
1.0891176162448 0.944044611878201 Inf 1.63767232156707 0.821440446399933 0.765232777496438 0.30803211676907 0.449138658558998 1.28867022075857 0.768206657163496 1.4496212762981 1.28064777492908
0.928607096353067 0.859652812925255 1.63767232156707 Inf 0.641745835901583 0.718485918874359 0.209686885711929 0.364431356383069 1.04219584091082 0.745415439061542 1.08363329934419 1.27990437344533
0.685440478135278 0.547914336147728 0.821440446399933 0.641745835901584 Inf 0.795566339054457 0.523684425466751 0.563091232118293 0.87540181166773 0.42739862916653 0.942666788604332 0.860233067405665
0.781181625202725 0.632655356905037 0.765232777496438 0.718485918874359 0.795566339054457 Inf 0.401992265725962 0.434659052530006 0.756637341433346 0.4069853453077 0.722643781569626 0.858327118702721
0.182747434679708 0.120283840442183 0.30803211676907 0.209686885711929 0.523684425466751 0.401992265725963 Inf 0.635802640377272 0.262511341111531 0 0.405138516237582 0.388492400638521
0.252622964865979 0.210874972620232 0.449138658558998 0.364431356383069 0.563091232118293 0.434659052530006 0.635802640377272 Inf 0.374944903315599 0.161416399833802 0.543005458726524 0.553947961664862
1.09399833775261 0.854669044834074 1.28867022075857 1.04219584091082 0.87540181166773 0.756637341433346 0.262511341111532 0.374944903315599 Inf 0.921247798467316 1.3151787956108 1.03984257888546
0.632422691697973 0.64555917029696 0.768206657163496 0.745415439061542 0.427398629166528 0.4069853453077 0 0.161416399833802 0.921247798467316 Inf 0.729980549299606 0.767815383681259
0.941128528000987 0.795048816555152 1.4496212762981 1.08363329934419 0.942666788604332 0.722643781569626 0.405138516237582 0.543005458726524 1.3151787956108 0.729980549299606 Inf 1.3161013286726
0.953198794220229 0.871245395690822 1.28064777492908 1.27990437344533 0.860233067405665 0.858327118702721 0.388492400638521 0.553947961664862 1.03984257888546 0.767815383681259 1.3161013286726 Inf
