0 0 0 0 0 0 0 -0.117557921898229 0 -0.299235800577794 0 0
0 0 0 -0.0528896029054142 0 0 0 -0.148422001887745 0 0 0 0
0 0 0 0 0 0 0 0 0 -0.270519177381966 0 0
0 -0.0528896029054142 0 0 0 0 0 0 0 -0.147748369934133 0 0
0 0 0 0 0 0 0 0 0 -0.0724233985999186 0 0
0 0 0 0 0 0 0 0 0 0 0 0
0 0 0 0 0 0 0 0 0 0 0 0
-0.117557921898229 -0.148422001887745 0 0 0 0 0 0 -0.160057012295003 -0.0702039387679885 0 0
0 0 0 0 0 0 0 -0.160057012295003 0 0 0 0
-0.299235800577794 0 -0.270519177381966 -0.147748369934133 -0.0724233985999186 0 0 -0.0702039387679885 0 0 -0.03499414184666 0
0 0 0 0 0 0 0 0 0 -0.03499414184666 0 0
0 0 0 0 0 0 0 0 0 0 0 0
