Inf 1.01197865278506 0.297299886981712 0.00312437022848434 0.459035699029534 0.605870652997911 0.249325394669056 0.237990398463919 0.245917457866806 0 0.348566951945377 0.306642419243131
1.01197865278506 Inf 0.220001902045908 0 0.212821401508767 0.404840839463191 0.272545956130614 0.374089221664272 0 0 0.163469189780596 0.217643383334024
0.297299886981712 0.220001902045908 Inf 1.19044096751707 0.336366185156843 0.308645305432547 0.170621333958459 0.101798048062366 0.437306940621372 0.10203639459612 0.733552244115757 0.601596768166487
0.00312437022848434 0 1.19044096751707 Inf 0.209216098089961 0.248776973008525 0.0974580345441962 0 0.30353409969409 0.230208533466881 0.542725532459128 0.628129838152359
0.459035699029534 0.212821401508767 0.336366185156843 0.209216098089961 Inf 0.799223773763707 0.128328156064616 0 0.834676126481332 0.318268251502053 0.822886393904348 0.629918593841702
0.605870652997911 0.404840839463191 0.308645305432547 0.248776973008525 0.799223773763707 Inf 0.342286948873181 0 0.59544045901959 0.333873066292895 0.607932646324288 0.615039616101745
0.249325394669056 0.272545956130614 0.170621333958459 0.0974580345441962 0.128328156064616 0.342286948873181 Inf 0.427429297003383 0.122181616482412 0 0.215527890648268 0.210291739411454
0.237990398463919 0.374089221664272 0.101798048062366 0 0 0 0.427429297003383 Inf 0 0 0.0926687672338524 0.0611442661132722
0.245917457866806 0 0.437306940621372 0.30353409969409 0.834676126481332 0.59544045901959 0.122181616482412 0 Inf 0.345888432709917 1.03252961975624 0.563410430420689
0 0 0.10203639459612 0.230208533466881 0.318268251502053 0.333873066292895 0 0 0.345888432709917 Inf 0.265145212331103 0.368142227554514
0.348566951945377 0.163469189780596 0.733552244115757 0.542725532459128 0.822886393904348 0.60793264632429 0.215527890648268 0.0926687672338524 1.03252961975624 0.265145212331103 Inf 1.07008386836048
0.306642419243131 0.217643383334024 0.601596768166487 0.628129838152359 0.629918593841702 0.615039616101745 0.210291739411454 0.0611442661132722 0.563410430420689 0.368142227554514 1.07008386836048 Inf
