1 0.802592713459341 0.511094106612491 0.326604951740125 0.120840727087639 0.214372519697693 0.163924012153505 0.153882688990631 0.412211323605865 -0.0176659344276118 0.120180251138815 -0.00820787631766395
0.802592713459341 1 0.567496312743198 0.519119002658053 0.223016854355994 0.374103752709159 0.209835825495809 0.289989762567727 0.42622511084914 0.319682217408849 0.158513582643823 0.290855792925287
0.511094106612491 0.567496312743198 1 0.894128115019018 0.0907092771573178 0.196405576287245 0.203641260782061 0.374557895559876 0.680038032690469 0.338060253863101 0.653098020060689 0.586152978554447
0.326604951740125 0.519119002658053 0.894128115019018 1 0.0287282302976095 0.156422245540106 0.156427489145549 0.403658559488574 0.563857307576887 0.505662178998697 0.611646227993848 0.73033591167218
0.120840727087639 0.223016854355994 0.0907092771573178 0.0287282302976095 1 0.223418924561184 -0.063406011178052 0.0151288885784229 0.0029534252536541 0.0087790082770598 0.230197615700932 0.112151643831005
0.214372519697693 0.374103752709159 0.196405576287245 0.156422245540106 0.223418924561184 1 0.165396855060105 0.14427300454625 0.136487714562331 0.0265053615610279 0.151638458045406 0.114496065196629
0.163924012153505 0.209835825495809 0.203641260782061 0.156427489145549 -0.063406011178052 0.165396855060105 1 0.361083066173889 0.203935163829194 0.0355917517927996 0.0231678241134771 0.149118897246878
0.153882688990631 0.289989762567727 0.374557895559876 0.403658559488574 0.0151288885784229 0.14427300454625 0.361083066173889 1 0.271869587516449 0.220639981100047 0.28387478332211 0.460301084397186
0.412211323605865 0.42622511084914 0.680038032690469 0.563857307576887 0.0029534252536541 0.136487714562331 0.203935163829194 0.271869587516449 1 0.361003604831471 0.544424422081401 0.465828670309744
-0.0176659344276118 0.319682217408849 0.338060253863101 0.505662178998697 0.0087790082770598 0.0265053615610279 0.0355917517927996 0.220639981100047 0.361003604831471 1 0.228237963468094 0.646902468315831
0.120180251138815 0.158513582643823 0.653098020060689 0.611646227993848 0.230197615700932 0.151638458045405 0.0231678241134771 0.28387478332211 0.544424422081402 0.228237963468094 1 0.581699823964831
-0.00820787631766395 0.290855792925287 0.586152978554447 0.73033591167218 0.112151643831005 0.114496065196629 0.149118897246878 0.460301084397186 0.465828670309744 0.646902468315831 0.581699823964831 1
