Inf 0.885108992204244 0.823516994674771 0.620157132973098 0.311116312752354 0.628204924064022 0.024253046146427 0.399081445366104 0.717974169750437 0.686860687758381 0.80643564594138 0.568815604539436
0.885108992204244 Inf 0.408261259241869 0.380139064805612 0.192201239005308 0.443287518769136 -0.00671415443151869 0.440661541343124 0.354579875054388 0.527008607147258 0.417661075056616 0.425875489109676
0.823516994674771 0.408261259241869 Inf 1.68355076227486 0.519631300842072 0.802327189523176 0.384713585754393 0.485118657662374 0.946600690840318 0.908890112058069 1.0552668971564 0.905717297069594
0.620157132973098 0.380139064805612 1.68355076227486 Inf 0.549663658326116 0.733578540135613 0.355251238912655 0.501823714215156 0.770050373667647 0.916920893387583 0.935139092935071 0.948057883767724
0.311116312752354 0.192201239005308 0.519631300842072 0.549663658326116 Inf 0.725175342176596 0.294409538804081 0.411927942936942 0.640358007247851 0.630854304633735 0.578100838360393 0.696548081181396
0.628204924064022 0.443287518769136 0.802327189523176 0.733578540135613 0.725175342176595 Inf 0.227004979811623 0.531058894060415 0.711488628154327 0.88008177659132 1.04612655898689 1.09473462747532
0.024253046146427 -0.00671415443151869 0.384713585754393 0.355251238912655 0.294409538804081 0.227004979811623 Inf 0.56727369357662 0.263411223304708 0.209624388716948 0.21114192016112 0.181743904187202
0.399081445366104 0.440661541343124 0.485118657662374 0.501823714215156 0.411927942936942 0.531058894060415 0.56727369357662 Inf 0.315880849779807 0.453490928047427 0.517589922387755 0.467618379562384
0.717974169750437 0.354579875054388 0.946600690840318 0.770050373667647 0.640358007247851 0.711488628154327 0.263411223304708 0.315880849779807 Inf 1.10795326342316 0.785796990340382 0.726471645100823
0.686860687758381 0.527008607147258 0.908890112058069 0.916920893387583 0.630854304633735 0.88008177659132 0.209624388716948 0.453490928047427 1.10795326342316 Inf 0.986282484857859 1.27287551109121
0.80643564594138 0.417661075056616 1.0552668971564 0.935139092935071 0.578100838360393 1.04612655898689 0.21114192016112 0.517589922387755 0.785796990340382 0.986282484857859 Inf 1.18358823757817
0.568815604539436 0.425875489109676 0.905717297069594 0.948057883767724 0.696548081181396 1.09473462747532 0.181743904187202 0.467618379562384 0.726471645100823 1.27287551109121 1.18358823757817 Inf
