0 0 0 -0.0414470612575973 0 0 -0.0417627266654957 0 0 0 0 0
0 0 0 0 0 0 0 0 0 0 0 0
0 0 0 0 0 0 0 0 0 0 0 0
-0.0414470612575973 0 0 0 0 0 0 0 -0.128210231415034 0 0 0
0 0 0 0 0 0 0 0 0 0 0 0
0 0 0 0 0 0 0 0 0 0 0 0
-0.0417627266654957 0 0 0 0 0 0 0 -0.0819886812094866 0 0 -0.00299772340194422
0 0 0 0 0 0 0 0 -0.0804400787121386 -0.150850131389561 -0.103496159816293 0
0 0 0 -0.128210231415034 0 0 -0.0819886812094866 -0.0804400787121386 0 0 0 0
0 0 0 0 0 0 0 -0.150850131389561 0 0 0 0
0 0 0 0 0 0 0 -0.103496159816293 0 0 0 0
0 0 0 0 0 0 -0.00299772340194422 0 0 0 0 0
