Inf 1.01123489772567 0.178710410191847 0 0.225990383920066 0.173853864668528 0 0.0816689465395851 0.462667712056222 0.30770044576469 0 0.151077896244163
1.01123489772567 Inf 0.116781107969076 0.0751562860713822 0.196822855508117 0.232762081453886 0.0147863557894247 0 0.476720055115675 0.532400592015768 0 0.399905556292053
0.178710410191847 0.116781107969076 Inf 0.918502907541819 0.0508551083338585 0.0279306513285413 0.0889824721565892 0.116072327403703 0.221152967790671 0.258286072057388 0.129316686499573 0.155529620244143
0 0.0751562860713822 0.918502907541819 Inf 0.0243444375242775 0.0313565447055879 0.100963339375841 0.125582861626014 0.0949997419383662 0.467051505000821 0.000733294879802584 0.220728004725122
0.225990383920066 0.196822855508117 0.0508551083338585 0.0243444375242775 Inf 0.329796053896161 0 0 0.318331364222559 0.124878945780835 0.219954890585722 0
0.173853864668528 0.232762081453886 0.0279306513285413 0.0313565447055879 0.329796053896161 Inf 0 0.121801487253744 0.194709091108023 0.171107897052303 0 0
0 0.0147863557894247 0.0889824721565892 0.100963339375841 0 0 Inf 0.364561895334735 0.100941319856518 0.0749032911842387 0.225890471517173 0
0.0816689465395851 0 0.116072327403703 0.125582861626014 0 0.121801487253744 0.364561895334735 Inf 0 0 0 0
0.462667712056222 0.476720055115675 0.221152967790671 0.0949997419383662 0.318331364222559 0.194709091108023 0.100941319856518 0 Inf 0.544617816760061 0.314118753277492 0.166223059439531
0.30770044576469 0.532400592015768 0.258286072057388 0.467051505000821 0.124878945780835 0.171107897052303 0.0749032911842387 0 0.544617816760061 Inf 0 0.325617284488946
0 0 0.129316686499573 0.000733294879802584 0.219954890585722 0 0.225890471517173 0 0.314118753277492 0 Inf 0.388006531100333
0.151077896244163 0.399905556292053 0.155529620244143 0.220728004725122 0 0 0 0 0.166223059439531 0.325617284488946 0.388006531100333 Inf
