1 0.92527295055538 0.114982140526404 0 0.279028968515625 0.365604804205073 0.292899218054985 0.35495679816764 0.213539050475876 0.290727659778417 0.267218295790831 0.0478326791514029
0.925272950555379 1 0.176028090272437 0.0191866242194649 0.245636786058572 0.31999510678199 0.246244765363472 0.345902443872815 0.225814955444108 0.342773412518156 0.253038999552432 0.146606162797682
0.114982140526404 0.176028090272437 1 0.897760731518806 0.363828131587318 0.294866981534178 0.0754853296010312 0 0.65200537334399 0.401178552720883 0.625760585549374 0.58771339687259
0 0.0191866242194649 0.897760731518806 1 0.198880675847847 0.185613982713574 0 0 0.506310083618299 0.286314101591422 0.435281587202273 0.593545591105394
0.279028968515625 0.245636786058572 0.363828131587318 0.198880675847847 1 0.602980035587722 0 0.218031614591742 0.532600829183255 0.633573714367435 0.780207296061827 0.395554405999825
0.365604804205073 0.31999510678199 0.294866981534178 0.185613982713574 0.602980035587722 1 0.237489690700403 0.254972707849724 0.292415908946842 0.518373204596855 0.614849620759621 0.530693379081897
0.292899218054985 0.246244765363472 0.0754853296010312 0 0 0.237489690700403 1 0.291584887631965 0 0.132648132551689 0.160645706446416 0.0769873336600774
0.35495679816764 0.345902443872815 0 0 0.218031614591742 0.254972707849724 0.291584887631965 1 0.143365318150738 0.331734799984161 0.245514584606017 0.0624683640024557
0.213539050475876 0.225814955444108 0.65200537334399 0.506310083618299 0.532600829183255 0.292415908946842 0 0.143365318150738 1 0.556043809545444 0.652046314068558 0.502782982251206
0.290727659778417 0.342773412518156 0.401178552720883 0.286314101591422 0.633573714367435 0.518373204596855 0.132648132551689 0.331734799984161 0.556043809545444 1 0.751260510869233 0.497015237782369
0.267218295790831 0.253038999552432 0.625760585549374 0.435281587202273 0.780207296061827 0.614849620759621 0.160645706446416 0.245514584606017 0.652046314068558 0.751260510869233 1 0.693609690431816
0.0478326791514029 0.146606162797682 0.58771339687259 0.593545591105394 0.395554405999825 0.530693379081897 0.0769873336600774 0.0624683640024557 0.502782982251206 0.497015237782368 0.693609690431816 1
