0 0 0 0 0 0 0 0 0 0.0944940103168035 0 0
0 0 0 0.0807354786739532 0 0 0 0 0.000888304386730909 0.151176649621281 0 0
0 0 0 0 0 0 0 0 0 0 0 0
0 0.0807354786739532 0 0 0 0 0 0.0382110058142018 0 0 0 0
0 0 0 0 0 0 0 0.0890080343087476 0 0 0 0
0 0 0 0 0 0 0 0.028702362817153 0 0 0 0
0 0 0 0 0 0 0 0 0 0.0214978887833706 0 0
0 0 0 0.0382110058142018 0.0890080343087476 0.028702362817153 0 0 0.0166710327668697 0.217835071820935 0 0
0 0.000888304386730909 0 0 0 0 0 0.0166710327668697 0 0 0 0
0.0944940103168035 0.151176649621281 0 0 0 0 0.0214978887833706 0.217835071820935 0 0 0 0
0 0 0 0 0 0 0 0 0 0 0 0
0 0 0 0 0 0 0 0 0 0 0 0
