0 0 0 0.151307501435833 0 0 0 0 0 0.183320285062794 0 0.386488375008873
0 0 0 0 0.128776599281127 0 0 0 0.140441133897256 0.0780946346492798 0.125140067150274 0.292167477455476
0 0 0 0 0 0 0 0 0 0 0 0
0.151307501435833 0 0 0 0.150644822020753 0 0 0 0 0 0 0
0 0.128776599281127 0 0.150644822020753 0 0 0 0 0 0 0 0
0 0 0 0 0 0 0.026736852792737 0 0 0 0 0
0 0 0 0 0 0.026736852792737 0 0 0 0.390924276196318 0 0.269155868810569
0 0 0 0 0 0 0 0 0 0 0 0
0 0.140441133897256 0 0 0 0 0 0 0 0 0 0
0.183320285062794 0.0780946346492798 0 0 0 0 0.390924276196318 0 0 0 0 0
0 0.125140067150274 0 0 0 0 0 0 0 0 0 0
0.386488375008873 0.292167477455476 0 0 0 0 0.269155868810569 0 0 0 0 0
