Inf 0.364247901828007 0.356674143788631 0.0386210187798228 -0.131451287100428 0.0967260586936484 0.0579693380329204 -0.0748883568928805 0.460397340256559 -0.0317528847705741 0.270061071974402 0.0961610100027642
0.364247901828007 Inf 0.486121709255003 0.484991324433381 0.0372325655407629 0.292879029717305 0.106896139378391 0.0753411201948321 0.0673960993024997 0.252674304480274 0.177861760895926 0.397180856946515
0.356674143788631 0.486121709255003 Inf 1.10174015134788 0.232506684204838 0.330466803004521 0.221643702124767 0.266718748612507 0.5209607944174 0.313706375210527 0.749123524477188 0.522174647709788
0.0386210187798228 0.484991324433381 1.10174015134788 Inf 0.201518878913858 0.254917762057882 0.180980663937816 0.268460908586842 0.364359136735013 0.458857965660881 0.48955549902454 0.538419068084769
-0.131451287100428 0.0372325655407629 0.232506684204838 0.201518878913858 Inf 0.477290033094846 0.409005247360182 0.29397436290004 0.341852256883078 0.552653621899535 0.451723105873478 0.340316221232892
0.0967260586936484 0.292879029717305 0.330466803004521 0.254917762057882 0.477290033094846 Inf 0.43786119613716 0.391770985040425 0.254302824187254 0.339308209221332 0.538206689499967 0.590216774748233
0.0579693380329204 0.106896139378391 0.221643702124767 0.180980663937816 0.409005247360182 0.43786119613716 Inf 0.729176003159103 0.134165288880522 0.265040841237129 0.271652631976526 0.151049822326559
-0.0748883568928805 0.0753411201948321 0.266718748612507 0.268460908586842 0.29397436290004 0.391770985040425 0.729176003159103 Inf 0.0250855192814122 0.207838312783049 0.343968636097574 0.3187335304697
0.460397340256559 0.0673960993024997 0.5209607944174 0.364359136735013 0.341852256883078 0.254302824187254 0.134165288880522 0.0250855192814122 Inf 0.392744868363375 0.594240631009534 0.276017691743413
-0.0317528847705741 0.252674304480274 0.313706375210527 0.458857965660881 0.552653621899535 0.339308209221332 0.265040841237129 0.20783831278305 0.392744868363375 Inf 0.28247197044622 0.423730143092175
0.270061071974402 0.177861760895926 0.749123524477188 0.48955549902454 0.451723105873478 0.538206689499967 0.271652631976526 0.343968636097574 0.594240631009534 0.28247197044622 Inf 0.929506227160672
0.0961610100027642 0.397180856946515 0.522174647709788 0.538419068084769 0.340316221232892 0.590216774748233 0.151049822326559 0.3187335304697 0.276017691743413 0.423730143092175 0.929506227160672 Inf
