Inf 1.19150499138482 0.872138410400542 0.68933882360844 0.744979735060311 0.736818880070969 0.176320615840272 0.394891829886177 0.690081584653497 0.459583866725858 0.895932593996247 0.540044668260214
1.19150499138482 Inf 0.504857509863838 0.626029892863355 0.44380515029394 0.646030802784434 0 0.184627390440736 0.499094247431199 0.685034545172236 0.52851694427202 0.77683824083847
0.872138410400542 0.504857509863838 Inf 1.20890764870922 0.919186767033719 0.676525128325263 0.311771978370918 0.619091829021666 0.791576870161377 0.266438280762321 1.14153494936339 0.325993173829708
0.68933882360844 0.626029892863355 1.20890764870922 Inf 0.621946967782571 0.824564484511048 0.100740812462842 0.451625246563995 0.528557272502499 0.436340177533435 0.759607183049234 0.575441986819677
0.744979735060311 0.44380515029394 0.919186767033719 0.621946967782571 Inf 0.674178160209289 0.235943130951113 0.395966308528044 1.02360591589703 0.448902424502526 1.25923004367799 0.500608624508711
0.736818880070969 0.646030802784434 0.676525128325263 0.824564484511048 0.674178160209289 Inf 0.0293777651908976 0.479011194288596 0.495038404378708 0.590610271185716 0.730080619023429 0.939927807709235
0.176320615840272 0 0.311771978370918 0.100740812462842 0.235943130951113 0.0293777651908976 Inf 0.383882728877219 0.158824431654373 0 0.224005021970614 0
0.394891829886177 0.184627390440736 0.619091829021666 0.451625246563995 0.395966308528044 0.479011194288596 0.383882728877219 Inf 0.323015030667749 0.132734746447971 0.437095496806145 0.14333967665267
0.690081584653497 0.499094247431199 0.791576870161377 0.528557272502499 1.02360591589703 0.495038404378708 0.158824431654373 0.323015030667749 Inf 0.545037921431971 1.02579172366375 0.459525879749595
0.459583866725858 0.685034545172236 0.266438280762321 0.436340177533435 0.448902424502526 0.590610271185716 0 0.132734746447971 0.545037921431971 Inf 0.399763360435912 1.17585191524982
0.895932593996247 0.52851694427202 1.14153494936339 0.759607183049234 1.25923004367799 0.730080619023429 0.224005021970614 0.437095496806145 1.02579172366375 0.399763360435912 Inf 0.563271451404465
0.540044668260214 0.77683824083847 0.325993173829708 0.575441986819677 0.500608624508711 0.939927807709235 0 0.14333967665267 0.459525879749595 1.17585191524982 0.563271451404465 Inf
