Inf 0.301604522066819 0.335669944399839 0 0.188716459968262 0.251303603490216 0 0.0134437231983687 0.204561684845603 0 0.341124411463937 0.0189301265385031
0.301604522066819 Inf 0.133127428406208 0.285882449248841 0 0.196791468616821 0.0241162992151452 0.186688451772701 0 0 0.17037955215732 0.468262476337252
0.335669944399839 0.133127428406208 Inf 0.957253218296149 0.50934727066868 0.259413828343647 0 0 0.417297080826468 0.194294566581579 0.63802096388687 0.439596193115777
0 0.285882449248841 0.957253218296149 Inf 0.390697920496248 0.343533400685007 0 0.0373885185551016 0.189473699020188 0.389374323381303 0.278750053499751 0.802262289041274
0.188716459968262 0 0.50934727066868 0.390697920496248 Inf 0.480882857179873 0 0 0.251352030206474 0.335990573904802 0.345132415661038 0.257030762031792
0.251303603490216 0.196791468616821 0.259413828343647 0.343533400685007 0.480882857179873 Inf 0 0.0406841827895352 0.155203347650723 0.282980947220618 0.224419247426296 0.328320734842038
0 0.0241162992151452 0 0 0 0 Inf 0.262426938706374 0 0 0 0
0.0134437231983687 0.186688451772701 0 0.0373885185551016 0 0.0406841827895352 0.262426938706374 Inf 0 0 0 0.0904005725473143
0.204561684845603 0 0.417297080826468 0.189473699020188 0.251352030206474 0.155203347650723 0 0 Inf 0.535862134323714 0.494708057429195 0.0440295731742703
0 0 0.194294566581579 0.389374323381303 0.335990573904802 0.282980947220618 0 0 0.535862134323714 Inf 0.0807306098218928 0.246130450177946
0.341124411463937 0.17037955215732 0.63802096388687 0.278750053499751 0.345132415661038 0.224419247426296 0 0 0.494708057429195 0.0807306098218928 Inf 0.439803018247807
0.0189301265385031 0.468262476337252 0.439596193115777 0.802262289041274 0.257030762031792 0.328320734842038 0 0.0904005725473143 0.0440295731742703 0.246130450177946 0.439803018247807 Inf
