0 0 0 0.00572904065144555 0 0 0.0879872300242798 0.0341324430180577 0 0 0 0
0 0 0 0 0 0 0.183087984187948 0.0705368046024636 0 0 0 0
0 0 0 0 0.209326732962852 0 0 0 0 0.0713245346114922 0 0
0.00572904065144555 0 0 0 0.3012577348261 0 0.0160586581460714 0 0.17988084177208 0 0 0
0 0 0.209326732962852 0.3012577348261 0 0 0 0 0 0 0 0
0 0 0 0 0 0 0 0 0 0 0 0
0.0879872300242798 0.183087984187948 0 0.0160586581460714 0 0 0 0 0.0297929613762176 0.30217196338325 0 0
0.0341324430180577 0.0705368046024636 0 0 0 0 0 0 0 0.137069658412374 0 0
0 0 0 0.17988084177208 0 0 0.0297929613762176 0 0 0 0 0
0 0 0.0713245346114922 0 0 0 0.30217196338325 0.137069658412374 0 0 0.151646962433674 0
0 0 0 0 0 0 0 0 0 0.151646962433674 0 0
0 0 0 0 0 0 0 0 0 0 0 0
