0 0 0 0 0 0 0.072078527140172 0 0 0 0 0
0 0 0 0 0 0 0.13321172860514 0 0 0 0 0
0 0 0 0 0 0 0 0 0 0 0 0
0 0 0 0 0 0 0.14506865264759 0 0 0 0 0
0 0 0 0 0 0 0 0.00579906047679625 0 0.0491450129368574 0 0
0 0 0 0 0 0 0 0 0 0.0710319761410384 0 0
0.072078527140172 0.13321172860514 0 0.14506865264759 0 0 0 0 0 0.0843176126296736 0 0.00492624113718011
0 0 0 0 0.00579906047679625 0 0 0 0 0 0 0
0 0 0 0 0 0 0 0 0 0 0 0
0 0 0 0 0.0491450129368574 0.0710319761410384 0.0843176126296736 0 0 0 0 0
0 0 0 0 0 0 0 0 0 0 0 0
0 0 0 0 0 0 0.00492624113718011 0 0 0 0 0
