Inf 0.333917150601569 0.509757362186622 0.113051378594641 0.669327217137564 0.153257901770297 0.280446291490715 0.218552322204894 0.471217255553688 0 0.762590301835005 0
0.333917150601569 Inf 0.37158682268926 0.615250724326175 0.0640497591932812 0.357391083024288 0.108835723405822 0.284160876832343 0 0.561745261744402 0.188102660364459 0.778053647518641
0.509757362186622 0.37158682268926 Inf 1.0007268614988 0.811032684190046 0.633543703660432 0.303446857195217 0.461504726515849 0.282019898744851 0.0210614077462938 0.854683928834875 0.133884103919489
0.113051378594641 0.615250724326175 1.0007268614988 Inf 0.267381025689598 0.497619927302603 0.0936680204934843 0.335364173597223 0 0.361194856978286 0.277783526738789 0.290117666159441
0.669327217137564 0.0640497591932812 0.811032684190046 0.267381025689598 Inf 0.530595658880569 0.286236787409891 0.338478099419105 0.514482400554838 0 1.0265141376256 0.130859879497776
0.153257901770297 0.357391083024288 0.633543703660431 0.497619927302603 0.530595658880569 Inf 0.23142386741786 0.389532542871986 0.308813205870659 0.414947925432348 0.483373547672118 0.395242442799049
0.280446291490715 0.108835723405822 0.303446857195217 0.0936680204934843 0.286236787409891 0.23142386741786 Inf 0.127501683075334 0.341376007117362 0.0224575127586467 0.329740810250467 0
0.218552322204894 0.284160876832343 0.461504726515849 0.335364173597223 0.338478099419105 0.389532542871986 0.127501683075334 Inf 0.211649844150058 0.125067122730218 0.290599925595219 0.248642244686755
0.471217255553688 0 0.282019898744851 0 0.514482400554838 0.308813205870659 0.341376007117362 0.211649844150058 Inf 0 0.891101664239624 0.269510211375292
0 0.561745261744402 0.0210614077462938 0.361194856978286 0 0.414947925432348 0.0224575127586467 0.125067122730218 0 Inf 0 0.659755218986518
0.762590301835005 0.188102660364459 0.854683928834875 0.277783526738789 1.0265141376256 0.483373547672118 0.329740810250467 0.290599925595219 0.891101664239624 0 Inf 0.279996064149006
0 0.778053647518641 0.133884103919489 0.290117666159441 0.130859879497776 0.395242442799049 0 0.248642244686755 0.269510211375292 0.659755218986518 0.279996064149006 Inf
