0 0 0 0 0 0 0 0.185264088495583 0 0 0 0
0 0 0 0 0 0 0.0568251236691326 0.129252852070446 0 0 0 0
0 0 0 0 0 0 0.0580046046343951 0.108417041096266 0 0 0 0
0 0 0 0 0 0 0.180240481112652 0.132425439362455 0 0 0 0
0 0 0 0 0 0 0.0340360075198308 0.261692983406354 0 0 0 0
0 0 0 0 0 0 0 0 0 0 0 0
0 0.0568251236691326 0.0580046046343951 0.180240481112652 0.0340360075198308 0 0 0 0.0133014088970881 0.109069372474941 0.211043930360951 0.17728851093905
0.185264088495583 0.129252852070446 0.108417041096266 0.132425439362455 0.261692983406354 0 0 0 0.116731699280493 0.100364678855449 0.317419175833023 0.231661754102557
0 0 0 0 0 0 0.0133014088970881 0.116731699280493 0 0 0 0
0 0 0 0 0 0 0.109069372474941 0.100364678855449 0 0 0 0
0 0 0 0 0 0 0.211043930360951 0.317419175833023 0 0 0 0
0 0 0 0 0 0 0.17728851093905 0.231661754102557 0 0 0 0
