Inf 0.819988129109972 0.708615137229346 0.334145492021989 0.474420296858415 0.494696951794286 0.286461840643618 0.35751457002798 0.698195280358773 0.364994911542563 0.779674912592115 0.456599079202674
0.819988129109972 Inf 0.507285909071507 0.404333711608128 0.208226950292899 0.492087739108331 0.181300787110368 0.169212944153945 0.53496406346863 0.483658477447003 0.567767214891017 0.524736660336861
0.708615137229346 0.507285909071507 Inf 1.17399538896616 0.560374296122011 0.522035480809666 0.360080882313312 0.520762090341948 0.65837006021236 0.394456603641751 0.887246785618179 0.611496506340972
0.334145492021989 0.404333711608128 1.17399538896616 Inf 0.361920723544064 0.516406087238675 0.348697604928009 0.346588005472004 0.365915948644874 0.411945713438354 0.625343175325287 0.812648832088068
0.474420296858415 0.208226950292899 0.560374296122011 0.361920723544064 Inf 0.381399976296112 0.222169711584148 0.3938766966869 0.190787120049069 0.0437214956128599 0.547338188450502 0.262653764778476
0.494696951794286 0.492087739108331 0.522035480809666 0.516406087238675 0.381399976296112 Inf 0.316403718705053 0.241783548949026 0.479142098455187 0.49733327365279 0.607884853019031 0.560098154710494
0.286461840643618 0.181300787110368 0.360080882313312 0.348697604928009 0.222169711584148 0.316403718705053 Inf 0.320370139117677 0.240352446057878 0.165313370838039 0.344902102888465 0.261134739423031
0.35751457002798 0.169212944153945 0.520762090341948 0.346588005472004 0.3938766966869 0.241783548949026 0.320370139117677 Inf 0.298346240059751 0.230966669204342 0.323201309220012 0.243431967516803
0.698195280358773 0.53496406346863 0.65837006021236 0.365915948644874 0.190787120049069 0.479142098455187 0.240352446057878 0.298346240059751 Inf 0.747764623318702 1.08263846953087 0.598873914832569
0.364994911542563 0.483658477447003 0.394456603641751 0.411945713438354 0.0437214956128599 0.49733327365279 0.165313370838039 0.230966669204342 0.747764623318702 Inf 0.590749151951031 0.990233172095427
0.779674912592115 0.567767214891017 0.887246785618179 0.625343175325287 0.547338188450502 0.607884853019031 0.344902102888465 0.323201309220012 1.08263846953087 0.590749151951031 Inf 0.810828296571956
0.456599079202674 0.524736660336861 0.611496506340972 0.812648832088068 0.262653764778476 0.560098154710494 0.261134739423031 0.243431967516803 0.598873914832569 0.990233172095427 0.810828296571956 Inf
