Inf 1.45093706389849 0.183135418706708 -0.00572904065144555 0.282570472750229 0.201211813352648 -0.0879872300242798 -0.0341324430180577 0.859655542393429 0.401705844508417 0.310049215413665 0.363375277603247
1.45093706389849 Inf 0.262424264568378 0.188935214520163 0.129998994382479 0.1740100811169 -0.183087984187948 -0.0705368046024636 0.535397197935638 0.520311907865359 0.244724039579907 0.465164391243661
0.183135418706708 0.262424264568378 Inf 1.09035687206065 -0.209326732962852 0.128924372966483 0.213139839315994 0.282709214313872 0.070581163912781 -0.0713245346114922 0.433591681572634 0.4786395669342
-0.00572904065144555 0.188935214520163 1.09035687206064 Inf -0.3012577348261 0.109941437851127 -0.0160586581460714 0.194711979782499 -0.17988084177208 0.013153066400573 0.171135279246045 0.470376515557934
0.282570472750229 0.129998994382479 -0.209326732962852 -0.3012577348261 Inf 0.455424084640695 0.142581111559639 0.0870073857159518 0.452060719628378 0.183506649618025 0.26469804334731 0.254950966762462
0.201211813352648 0.1740100811169 0.128924372966482 0.109941437851127 0.455424084640695 Inf 0.0625149018548805 0.158597153497364 0.342790750289105 0.19328774110908 0.205680065190991 0.398782110102612
-0.0879872300242798 -0.183087984187948 0.213139839315994 -0.0160586581460714 0.142581111559639 0.0625149018548805 Inf 0.69848672402111 -0.0297929613762176 -0.30217196338325 0.115150628047636 0.0326863388310849
-0.0341324430180577 -0.0705368046024636 0.282709214313872 0.194711979782499 0.0870073857159519 0.158597153497364 0.69848672402111 Inf 0.00303098208154011 -0.137069658412374 0.00181766308906492 0.102265754805561
0.859655542393429 0.535397197935638 0.070581163912781 -0.17988084177208 0.452060719628378 0.342790750289105 -0.0297929613762176 0.00303098208154011 Inf 0.401211736817126 0.488863877638208 0.306057706962969
0.401705844508417 0.520311907865359 -0.0713245346114922 0.013153066400573 0.183506649618025 0.19328774110908 -0.30217196338325 -0.137069658412374 0.401211736817126 Inf -0.151646962433674 0.0867911262467022
0.310049215413665 0.244724039579907 0.433591681572634 0.171135279246045 0.26469804334731 0.205680065190991 0.115150628047636 0.00181766308906492 0.488863877638208 -0.151646962433674 Inf 0.899840680736438
0.363375277603247 0.465164391243661 0.4786395669342 0.470376515557934 0.254950966762462 0.398782110102612 0.0326863388310849 0.102265754805561 0.306057706962969 0.0867911262467022 0.899840680736438 Inf
