Inf 1.21457278454326 0.717389564126301 0.512343415048923 0.238454127976663 0.387566367695553 0.188877603055456 0.162671659045441 0.66617711681407 0.822406644702702 0.451686872554798 0.410647898711922
1.21457278454326 Inf 0.887488118129704 0.823693922833521 0.142574277875174 0.522264434380376 0.107857810343949 0.174366805617614 0.551658394128277 1.07792890778543 0.382116788251611 0.715188863886077
0.717389564126301 0.887488118129704 Inf 1.52367973849189 0.134600084646831 0.485070513933356 0.300845868059161 0.129715718591332 0.575409348156682 0.791693348507148 0.556482309966535 0.736144970389577
0.512343415048923 0.823693922833521 1.52367973849189 Inf 0.0165474104248372 0.459027759833433 0.181110607894512 0.145226854233565 0.333635854964388 0.781659276749452 0.346699618818931 0.81593926738439
0.238454127976663 0.142574277875174 0.134600084646831 0.0165474104248372 Inf 0.596277996621092 0.274852328323493 0.174613090352928 0.659656029939826 0.284458867495254 0.83511736220279 0.192737073895365
0.387566367695553 0.522264434380376 0.485070513933356 0.459027759833433 0.596277996621092 Inf 0.198413577455031 0.380983883173439 0.555656281745148 0.649435019717025 0.774028387324195 0.692297788632022
0.188877603055456 0.107857810343949 0.300845868059161 0.181110607894512 0.274852328323493 0.198413577455031 Inf 0.328167671711899 0.31267106587656 0.101761198060691 0.366449342034415 -0.0186019552757223
0.162671659045441 0.174366805617614 0.129715718591332 0.145226854233564 0.174613090352928 0.380983883173439 0.328167671711899 Inf 0.104713005901002 0.130052475073574 0.201912930068674 0.0271230155356374
0.66617711681407 0.551658394128277 0.575409348156682 0.333635854964388 0.659656029939826 0.555656281745148 0.31267106587656 0.104713005901002 Inf 0.749065312235066 1.03670574192421 0.496293398185426
0.822406644702702 1.07792890778544 0.791693348507148 0.781659276749452 0.284458867495254 0.649435019717025 0.101761198060691 0.130052475073574 0.749065312235066 Inf 0.554859511324847 1.11133914112959
0.451686872554798 0.382116788251611 0.556482309966535 0.346699618818931 0.83511736220279 0.774028387324195 0.366449342034415 0.201912930068674 1.03670574192421 0.554859511324847 Inf 0.517460189518706
0.410647898711922 0.715188863886077 0.736144970389577 0.81593926738439 0.192737073895365 0.692297788632022 -0.0186019552757223 0.0271230155356374 0.496293398185426 1.11133914112959 0.517460189518706 Inf
