0 0 0 0.0701438561439983 0 0 0 0.0620678444758341 0 0 0 0
0 0 0 0 0 0 0 0 0 0 0 0
0 0 0 0 0 0 0 0.0135321532283525 0 0 0 0
0.0701438561439983 0 0 0 0 0 0 0 0 0 0 0
0 0 0 0 0 0 0.0173459100798387 0.214308261147842 0 0 0 0
0 0 0 0 0 0 0 0.10719655855178 0 0 0 0
0 0 0 0 0.0173459100798387 0 0 0 0.158257135369928 0.0486443183673548 0.131196520529309 0.124898702127946
0.0620678444758341 0 0.0135321532283525 0 0.214308261147842 0.10719655855178 0 0 0.0948032804396552 0.141088170553906 0.215064009022221 0.0518779542683615
0 0 0 0 0 0 0.158257135369928 0.0948032804396552 0 0 0 0
0 0 0 0 0 0 0.0486443183673548 0.141088170553906 0 0 0 0
0 0 0 0 0 0 0.131196520529309 0.215064009022221 0 0 0 0
0 0 0 0 0 0 0.124898702127946 0.0518779542683615 0 0 0 0
