0 0 0 0 0.158858982786367 0 0 0 0 0 0 0
0 0 0 0 0.22196844619163 0 0 0 0 0 0 0
0 0 0 0 0 0 0 0 0 0 0 0
0 0 0 0 0.0260493695343151 0 0 0 0 0 0 0
0.158858982786367 0.22196844619163 0 0.0260493695343151 0 0 0.0603037050829049 0 0.119476727309653 0.119751876877355 0 0.00645613867570194
0 0 0 0 0 0 0 0 0 0 0 0
0 0 0 0 0.0603037050829049 0 0 0 0 0 0 0
0 0 0 0 0 0 0 0 0 0 0 0
0 0 0 0 0.119476727309653 0 0 0 0 0 0 0
0 0 0 0 0.119751876877355 0 0 0 0 0 0 0
0 0 0 0 0 0 0 0 0 0 0 0
0 0 0 0 0.00645613867570194 0 0 0 0 0 0 0
