1 0.840766493614665 0.317156144939081 0.129851580004848 0.286264919035519 0.316830606600801 0.331129495683589 0.27327186113072 0.269099998894181 0.149475625021947 0.415820771216805 0.260633110146985
0.840766493614665 1 0.407184438921705 0.306699244797251 0.243593384592521 0.371456094621558 0.232864309935706 0.32871948133324 0.150453723393694 0.275442400553306 0.395536232670273 0.360185537864877
0.317156144939081 0.407184438921705 1 0.911946456900669 0.224362091208257 0.438759570502783 0.247350556154137 0.448943423353377 0.179063567754725 0.470748644246637 0.552114895203154 0.605217553419702
0.129851580004848 0.306699244797251 0.911946456900669 1 0.0183462629367488 0.349204768425806 0.154630107860282 0.442152774166505 0.0825509703974586 0.507823573969433 0.362219943828437 0.582223870654391
0.286264919035519 0.243593384592521 0.224362091208257 0.0183462629367488 1 0.59463163918178 0.258003441742145 0.134639322599843 -0.0926393293850103 -0.203684278248999 0.338362866493969 0.0880652181411014
0.316830606600801 0.371456094621558 0.438759570502783 0.349204768425806 0.59463163918178 1 0.249518634842147 0.355158241997124 -0.0246204918153569 0.132488645412972 0.411652941357958 0.341962941975534
0.331129495683589 0.232864309935706 0.247350556154137 0.154630107860282 0.258003441742145 0.249518634842147 1 0.615517740277511 -0.0289291785855582 -0.114115032482919 0.158237422360735 0.124002363941511
0.27327186113072 0.32871948133324 0.448943423353377 0.442152774166505 0.134639322599843 0.355158241997124 0.615517740277511 1 -0.0728788213987182 0.065968007814237 0.181693513953193 0.272971609375149
0.269099998894181 0.150453723393694 0.179063567754725 0.0825509703974586 -0.0926393293850103 -0.0246204918153569 -0.0289291785855582 -0.0728788213987182 1 0.5854766737527 0.660482106530828 0.484767558462048
0.149475625021947 0.275442400553306 0.470748644246637 0.507823573969433 -0.203684278248999 0.132488645412972 -0.114115032482919 0.065968007814237 0.5854766737527 1 0.484423980890924 0.703821765860411
0.415820771216805 0.395536232670273 0.552114895203154 0.362219943828437 0.338362866493969 0.411652941357958 0.158237422360735 0.181693513953193 0.660482106530828 0.484423980890924 1 0.726481248914079
0.260633110146985 0.360185537864877 0.605217553419702 0.582223870654391 0.0880652181411014 0.341962941975534 0.124002363941511 0.272971609375149 0.484767558462049 0.703821765860411 0.726481248914079 1
