0 0 0 0.0623069401618012 0 0 0.193661328212704 0 0 0.048525977690211 0 0
0 0 0 0 0 0 0.197706392907069 0 0 0 0 0
0 0 0 0 0 0 0 0 0 0 0 0
0.0623069401618012 0 0 0 0 0 0.0412030482255885 0 0 0 0 0
0 0 0 0 0 0 0 0 0 0 0 0
0 0 0 0 0 0 0.0767214862429494 0 0 0 0 0
0.193661328212704 0.197706392907069 0 0.0412030482255885 0 0.0767214862429494 0 0 0 0 0.106891190397 0.0610689669742322
0 0 0 0 0 0 0 0 0 0 0 0
0 0 0 0 0 0 0 0 0 0 0 0
0.048525977690211 0 0 0 0 0 0 0 0 0 0 0
0 0 0 0 0 0 0.106891190397 0 0 0 0 0
0 0 0 0 0 0 0.0610689669742322 0 0 0 0 0
