Inf 1.47908884092574 0.842364901169691 0.614040423890305 0.698001044290521 0.481075337266773 0 0 0.876677043767079 0.723032411009244 0.793039328028331 0.618660507720939
1.47908884092574 Inf 0.876506225581758 0.798161850874523 0.52771702006157 0.582114947078277 0 0 0.804198597135598 0.974386735846252 0.775602922495016 0.829463548318028
0.842364901169692 0.876506225581758 Inf 1.50200378906984 0.477671911837494 0.502188808299834 0 0 0.90067579152526 0.907639864455055 1.34695981283602 1.06056643713056
0.614040423890305 0.798161850874523 1.50200378906984 Inf 0.302796911325545 0.486196442822157 0 0 0.642264996775529 0.915176477525479 1.00034747542297 1.1906567974429
0.698001044290521 0.52771702006157 0.477671911837494 0.302796911325545 Inf 0.517746913870845 0 0 0.836882356956442 0.40245978604355 0.742988474819933 0.507592213074088
0.481075337266773 0.582114947078277 0.502188808299834 0.486196442822157 0.517746913870845 Inf 0 0.0501568800505978 0.569029615539548 0.588413848017136 0.662165808575566 0.726746927829897
0 0 0 0 0 0 Inf 0.323761388704073 0.0634958760890534 0 0.0136598846609655 0
0 0 0 0 0 0.0501568800505978 0.323761388704073 Inf 0 0 0 0
0.876677043767079 0.804198597135598 0.90067579152526 0.642264996775529 0.836882356956442 0.569029615539548 0.0634958760890534 0 Inf 0.901141907950244 1.28658656367497 0.772068948158543
0.723032411009244 0.974386735846252 0.907639864455055 0.915176477525479 0.40245978604355 0.588413848017136 0 0 0.901141907950244 Inf 1.01889401661255 1.24898184915036
0.793039328028331 0.775602922495016 1.34695981283602 1.00034747542296 0.742988474819933 0.662165808575566 0.0136598846609655 0 1.28658656367497 1.01889401661255 Inf 1.24533600002953
0.618660507720939 0.829463548318028 1.06056643713056 1.1906567974429 0.507592213074088 0.726746927829897 0 0 0.772068948158543 1.24898184915036 1.24533600002953 Inf
