Inf 1.26019989815457 0.871288098612498 0.679176619376177 0.812826730323595 0.89659338776752 0.559088781748955 0.325995831923201 0.763719320709456 0.836344946031104 0.774448397609705 0.61967148514597
1.26019989815457 Inf 0.580704344594643 0.652530869828463 0.523950438038761 0.579074907306297 0.301225478843883 0.186946567406323 0.416703600287006 0.76189902631452 0.452404084337138 0.615487917370133
0.871288098612498 0.580704344594643 Inf 1.21664374138742 0.661834823071062 0.882734784362684 0.629051604539844 0.619810753410135 0.777837518551811 0.768247530086984 0.808158344919879 0.510634033754012
0.679176619376177 0.652530869828463 1.21664374138742 Inf 0.573644903923623 0.849462121994167 0.453916443732335 0.559566078533477 0.594028502078386 0.900606335848652 0.698318536330999 0.691496609627076
0.812826730323595 0.523950438038761 0.661834823071062 0.573644903923623 Inf 1.12816621207501 0.417890850161158 0.332117277765723 0.756472640615333 0.868256905263983 1.09567891627502 0.916814282660476
0.89659338776752 0.579074907306297 0.882734784362684 0.849462121994167 1.12816621207501 Inf 0.583312509701528 0.461694759182487 0.769301002883178 0.973962246811085 0.922832141191685 0.866649726401848
0.559088781748955 0.301225478843883 0.629051604539844 0.453916443732335 0.417890850161158 0.583312509701528 Inf 0.54508215943874 0.460215603827046 0.447160680615471 0.41767715233838 0.169540735032748
0.325995831923201 0.186946567406323 0.619810753410135 0.559566078533477 0.332117277765723 0.461694759182487 0.54508215943874 Inf 0.41597479658518 0.472890948275308 0.31068040428298 0.138925895538362
0.763719320709456 0.416703600287006 0.777837518551811 0.594028502078386 0.756472640615333 0.769301002883178 0.460215603827046 0.41597479658518 Inf 1.02772005868942 1.26327157005187 0.651139357464008
0.836344946031104 0.76189902631452 0.768247530086984 0.900606335848652 0.868256905263983 0.973962246811085 0.447160680615471 0.472890948275308 1.02772005868942 Inf 0.966819016152782 1.02692164686721
0.774448397609705 0.452404084337138 0.808158344919879 0.698318536330999 1.09567891627502 0.922832141191685 0.41767715233838 0.31068040428298 1.26327157005187 0.966819016152782 Inf 1.01099353252282
0.61967148514597 0.615487917370133 0.510634033754012 0.691496609627076 0.916814282660476 0.866649726401848 0.169540735032748 0.138925895538362 0.651139357464008 1.02692164686721 1.01099353252282 Inf
