Inf 0.741639823344904 0.295680955030311 0.194062178533509 0.608438563669797 0.121489030388902 0.129376894295386 0.0404087718265602 0.199062633722943 0 0.380578210394843 0
0.741639823344904 Inf 0.330686044484933 0.504442790813662 0.313155285215594 0.302440520284339 0 0.0743778773407967 0 0.182964716830185 0.165374373178437 0.300546135213816
0.295680955030311 0.330686044484933 Inf 1.14333407395201 0.313619054819438 0.059417569618178 0.261823941212964 0.34763946131348 0.418197519394661 0.0889245109819574 0.718135967233112 0.41717610834462
0.194062178533509 0.504442790813662 1.14333407395201 Inf 0.210741068944547 0.11343484555765 0.136238702491696 0.276582596839677 0.126725648164754 0.28201376756351 0.406720269400334 0.598960257690106
0.608438563669797 0.313155285215594 0.313619054819438 0.210741068944547 Inf 0.243230841382304 0.201955380682791 0.111511306349392 0.329616124435929 0.0556172158169511 0.871049492369108 0.21467212823396
0.121489030388902 0.302440520284339 0.059417569618178 0.11343484555765 0.243230841382304 Inf 0 0.0247180143762991 0.0776833319781852 0.371988946204758 0.248034990578622 0.465418634136319
0.129376894295386 0 0.261823941212964 0.136238702491696 0.201955380682791 0 Inf 0.383196728373601 0.129351493546683 0 0.197377253758345 0
0.0404087718265602 0.0743778773407967 0.34763946131348 0.276582596839677 0.111511306349392 0.0247180143762991 0.383196728373601 Inf 0.249385191582594 0.14440862232093 0.216803118817019 0.229327222229109
0.199062633722943 0 0.418197519394661 0.126725648164754 0.329616124435929 0.0776833319781852 0.129351493546683 0.249385191582594 Inf 0.274118479654964 0.710274696241905 0.175907639513809
0 0.182964716830185 0.0889245109819574 0.28201376756351 0.0556172158169511 0.371988946204758 0 0.14440862232093 0.274118479654964 Inf 0.172871643020728 0.957561197424413
0.380578210394843 0.165374373178437 0.718135967233112 0.406720269400334 0.871049492369108 0.248034990578622 0.197377253758345 0.216803118817019 0.710274696241905 0.172871643020728 Inf 0.480914226211649
0 0.300546135213816 0.41717610834462 0.598960257690106 0.21467212823396 0.465418634136319 0 0.229327222229109 0.175907639513809 0.957561197424413 0.480914226211649 Inf
