0 0 0 -0.0469820783979668 0 0 -0.195589196431076 0 0 -0.200209042494297 0 0
0 0 0 0 -0.107948828346217 0 0 0 -0.0526185084621672 -0.0785132022780661 0 0
0 0 0 0 0 0 -0.257998398274036 -0.0707177284867044 0 0 0 0
-0.0469820783979668 0 0 0 0 0 -0.157016721299094 0 0 0 0 0
0 -0.107948828346217 0 0 0 0 -0.230545052952908 -0.0977791383464891 0 0 0 0
0 0 0 0 0 0 -0.236468028926175 0 0 0 0 0
-0.195589196431076 0 -0.257998398274036 -0.157016721299094 -0.230545052952908 -0.236468028926175 0 0 -0.167905854401101 -0.107582944346406 -0.141507853144489 -0.15332230339549
0 0 -0.0707177284867044 0 -0.0977791383464891 0 0 0 -0.238062007330772 -0.124441153699734 -0.139893616877705 0
0 -0.0526185084621673 0 0 0 0 -0.167905854401101 -0.238062007330772 0 0 0 0
-0.200209042494297 -0.0785132022780661 0 0 0 0 -0.107582944346405 -0.124441153699734 0 0 0 0
0 0 0 0 0 0 -0.141507853144489 -0.139893616877705 0 0 0 0
0 0 0 0 0 0 -0.15332230339549 0 0 0 0 0
