0 0 0 0 0 0 0 0 0 -0.103358602443269 0 0
0 0 0 0 0 0 0 -0.0797852430708179 0 0 0 0
0 0 0 0 0 0 0 0 0 0 0 0
0 0 0 0 0 0 0 0 0 0 0 0
0 0 0 0 0 -0.138449485808295 0 0 0 -0.183383276793176 0 0
0 0 0 0 -0.138449485808295 0 0 0 0 0 0 0
0 0 0 0 0 0 0 0 0 -0.15320800067415 -0.00826347390736218 0
0 -0.0797852430708179 0 0 0 0 0 0 -0.0307947883323893 -0.134741636658712 0 -0.042025345027964
0 0 0 0 0 0 0 -0.0307947883323893 0 0 0 0
-0.103358602443269 0 0 0 -0.183383276793176 0 -0.15320800067415 -0.134741636658712 0 0 0 0
0 0 0 0 0 0 -0.00826347390736218 0 0 0 0 0
0 0 0 0 0 0 0 -0.042025345027964 0 0 0 0
