1 0.917728208053135 0.623335110881426 0.474007026120728 0.486433459642987 0.389663416389774 0.233959380393813 0.274999239615254 0.456128127530833 0.304387425562071 0.541800326459773 0.489323562016786
0.917728208053135 1 0.625330934194374 0.556340262780695 0.373737149422456 0.473031928083664 0.244033204024092 0.278797199521496 0.313236619174311 0.39036305086243 0.477789352070078 0.606588509736845
0.623335110881426 0.625330934194374 1 0.848645363713304 0.493323949572083 0.523836116289249 0.352162618896512 0.202748192033956 0.254086336348067 0.224610300431206 0.642198681753384 0.585937950805897
0.474007026120728 0.556340262780695 0.848645363713304 1 0.357129053759393 0.581946231886508 0.32378456799863 0.26061641062347 0.0880877035691855 0.274788735012939 0.403710432823512 0.551298702563518
0.486433459642987 0.373737149422456 0.493323949572083 0.357129053759393 1 0.491100510960244 0.232089801383556 0.254090709134096 0.419555007152505 0.109305043020928 0.59036459347227 0.477651542557661
0.389663416389774 0.473031928083664 0.523836116289249 0.581946231886508 0.491100510960244 1 0.28698645282551 0.432052279094226 0.0434243542405115 0 0.395389397031299 0.619406491518608
0.233959380393813 0.244033204024092 0.352162618896512 0.32378456799863 0.232089801383556 0.28698645282551 1 0.505253430932365 0.0652953547844631 0.0730739915588477 0.165758703602044 0.152049572910377
0.274999239615254 0.278797199521496 0.202748192033956 0.26061641062347 0.254090709134096 0.432052279094226 0.505253430932365 1 0 0.00110503172973614 0.0367412371008696 0.195372346072426
0.456128127530833 0.313236619174311 0.254086336348067 0.0880877035691855 0.419555007152505 0.0434243542405115 0.0652953547844631 0 1 0.485071579117205 0.604984150574044 0.332437970935639
0.304387425562071 0.39036305086243 0.224610300431206 0.274788735012939 0.109305043020928 0 0.0730739915588477 0.00110503172973614 0.485071579117205 1 0.234263317490653 0.42954109460008
0.541800326459773 0.477789352070078 0.642198681753384 0.403710432823512 0.59036459347227 0.395389397031299 0.165758703602044 0.0367412371008696 0.604984150574044 0.234263317490653 1 0.683777274986283
0.489323562016786 0.606588509736845 0.585937950805897 0.551298702563518 0.477651542557661 0.619406491518607 0.152049572910377 0.195372346072426 0.332437970935639 0.42954109460008 0.683777274986283 1
