Inf 1.17973396198959 0.0866873389838792 0.0558685488403655 0.279386232751735 0.386819001390896 0 0 0.299652895487861 0.437265648303959 0.266311933176632 0
1.17973396198959 Inf 0.353251121315956 0.393984783673901 0.25507311543357 0.586225202005421 0 0 0.281499451536618 0.714189438018604 0.29945799055166 0.0829421061086392
0.0866873389838792 0.353251121315956 Inf 1.09818302755011 0.139673980293721 0.359741712768806 0.422622372584387 0.285413994576799 0.411766271668267 0.378169442166683 0.602256023401539 0.364718940850416
0.0558685488403655 0.393984783673901 1.09818302755011 Inf 0 0.402391549595922 0.381366666731122 0.30392853656063 0.119083423795617 0.377161742564933 0.287545741073682 0.569163081187271
0.279386232751735 0.25507311543357 0.139673980293721 0 Inf 0.213122505329809 0.0664231732542352 0.03011428707317 0.438220141802051 0.215840379932321 0.40332371350549 0.00299421700106965
0.386819001390896 0.586225202005421 0.359741712768806 0.402391549595922 0.213122505329809 Inf 0.100100064259529 0.172900718890915 0.378124515431499 0.755514695321905 0.51452673490859 0.331700714262219
0 0 0.422622372584387 0.381366666731122 0.0664231732542352 0.100100064259529 Inf 0.30398400770066 0.152255362733997 0 0.0436024464308874 0.21876966578176
0 0 0.285413994576799 0.30392853656063 0.03011428707317 0.172900718890915 0.30398400770066 Inf 0 0.0356804463236284 0.00207616023318601 0.159048328973521
0.299652895487861 0.281499451536618 0.411766271668267 0.119083423795617 0.438220141802051 0.378124515431499 0.152255362733997 0 Inf 0.664783065425325 0.875817269308102 0.341036920110639
0.437265648303959 0.714189438018604 0.378169442166683 0.377161742564933 0.215840379932321 0.755514695321905 0 0.0356804463236284 0.664783065425325 Inf 0.551577425115269 0.404208616840741
0.266311933176632 0.29945799055166 0.602256023401539 0.287545741073682 0.403323713505489 0.51452673490859 0.0436024464308874 0.00207616023318601 0.875817269308102 0.551577425115269 Inf 0.327043992363801
0 0.0829421061086392 0.364718940850416 0.56916308118727 0.00299421700106965 0.331700714262219 0.21876966578176 0.159048328973521 0.341036920110639 0.404208616840741 0.327043992363801 Inf
