0 0 0 0 0 0 0 0 0 -0.094213761833946 0 0
0 0 0 -0.0805605176961779 0 0 0 0 -0.000888304153081877 -0.150035398684603 0 0
0 0 0 0 0 0 0 0 0 0 0 0
0 -0.0805605176961779 0 0 0 0 0 -0.0381924196149834 0 0 0 0
0 0 0 0 0 0 0 -0.0887737234930042 0 0 0 0
0 0 0 0 0 0 0 -0.0286944834995605 0 0 0 0
0 0 0 0 0 0 0 0 0 -0.021494577579638 0 0
0 0 0 -0.0381924196149834 -0.0887737234930042 -0.0286944834995605 0 0 -0.0166694885155429 -0.214453660846173 0 0
0 -0.000888304153081877 0 0 0 0 0 -0.0166694885155429 0 0 0 0
-0.094213761833946 -0.150035398684603 0 0 0 0 -0.021494577579638 -0.214453660846173 0 0 0 0
0 0 0 0 0 0 0 0 0 0 0 0
0 0 0 0 0 0 0 0 0 0 0 0
