Inf 1.1872992939012 0.990311042419571 0.609059979470714 0.812544650710316 0.846317209919936 0.262101142269955 0.447081599772141 0.882645879495222 0.823226673110232 0.94468990061543 0.851102351893334
1.1872992939012 Inf 0.637018866907711 0.710051381668935 0.426161648123945 0.722448387538628 0.163599919717159 0.230576211584754 0.382267187216807 0.765847521003779 0.480980749482174 0.792676300185835
0.990311042419571 0.637018866907711 Inf 1.07184833548018 0.785893384436205 0.760146511357662 0.151952288175091 0.423900078042331 0.783417202187369 0.731146754512286 0.892823129239434 0.773348273301813
0.609059979470714 0.710051381668935 1.07184833548018 Inf 0.336632408802195 0.589520693328292 -0.0227816209460702 0.157806163970137 0.352189472647306 0.733480839549272 0.431019798261396 0.744403197075876
0.812544650710316 0.426161648123945 0.785893384436205 0.336632408802195 Inf 0.978502305782926 0.13758614877079 0.415019176967141 0.771889520735068 0.485261505707976 0.881218894196186 0.568694044955753
0.846317209919936 0.722448387538628 0.760146511357662 0.589520693328292 0.978502305782926 Inf 0.152728089504619 0.397092117415696 0.665677907622506 0.85354157215819 0.869118085362945 0.985291390309577
0.262101142269955 0.163599919717159 0.151952288175091 -0.0227816209460702 0.13758614877079 0.152728089504619 Inf 0.392756554534284 0.262767514812507 0.283689209218507 0.271324251775669 0.261991848504007
0.447081599772141 0.230576211584754 0.423900078042331 0.157806163970137 0.415019176967141 0.397092117415696 0.392756554534284 Inf 0.327951143512433 0.314134642876285 0.392952342035602 0.346869484740937
0.88264587949522 0.382267187216807 0.783417202187369 0.352189472647306 0.771889520735068 0.665677907622506 0.262767514812507 0.327951143512433 Inf 0.872372025148746 1.57283589208496 0.79974380810939
0.823226673110232 0.765847521003779 0.731146754512286 0.733480839549272 0.485261505707976 0.85354157215819 0.283689209218507 0.314134642876285 0.872372025148746 Inf 0.861469098561287 1.42724604167362
0.94468990061543 0.480980749482175 0.892823129239434 0.431019798261396 0.881218894196186 0.869118085362945 0.271324251775669 0.392952342035602 1.57283589208496 0.861469098561287 Inf 0.899519513576081
0.851102351893334 0.792676300185835 0.773348273301813 0.744403197075876 0.568694044955753 0.985291390309577 0.261991848504007 0.346869484740937 0.799743808109391 1.42724604167362 0.899519513576081 Inf
