0 0 0 0.0470166923448306 0 0 0.198142152930631 0 0 0.202950316139402 0 0
0 0 0 0 0.108371092089117 0 0 0 0.0526671510458493 0.0786751285117671 0 0
0 0 0 0 0 0 0.263962881101055 0.0708359698704497 0 0 0 0
0.0470166923448306 0 0 0 0 0 0.158326528520613 0 0 0 0 0
0 0.108371092089117 0 0 0 0 0.234765039738123 0.09809255249526 0 0 0 0
0 0 0 0 0 0 0.241029616190134 0 0 0 0 0
0.198142152930631 0 0.263962881101055 0.158326528520613 0.234765039738123 0.241029616190134 0 0 0.169510982921678 0.108000908968397 0.142463906419932 0.154540958531375
0 0 0.0708359698704497 0 0.09809255249526 0 0 0 0.242718680380709 0.125089537487961 0.140817067801798 0
0 0.0526671510458494 0 0 0 0 0.169510982921678 0.242718680380709 0 0 0 0
0.202950316139402 0.0786751285117671 0 0 0 0 0.108000908968395 0.125089537487961 0 0 0 0
0 0 0 0 0 0 0.142463906419932 0.140817067801798 0 0 0 0
0 0 0 0 0 0 0.154540958531375 0 0 0 0 0
