0 0 0 0 0 0 -0.0658184765807263 -0.0574427491279318 0 0 0 0
0 0 0 0 0 0 -0.00422754524907151 0 0 0 0 0
0 0 0 0 0 0 0 0 0 0 0 0
0 0 0 0 0 0 0 -0.0320743640846034 0 0 0 0
0 0 0 0 0 0 0 -0.00376443218347555 0 0 0 0
0 0 0 0 0 0 0 0 0 0 0 0
-0.0658184765807263 -0.00422754524907151 0 0 0 0 0 0 0 0 0 0
-0.0574427491279318 0 0 -0.0320743640846034 -0.00376443218347555 0 0 0 -0.00660264207349914 0 -0.0742620232076653 -0.0279469067222284
0 0 0 0 0 0 0 -0.00660264207349914 0 0 0 0
0 0 0 0 0 0 0 0 0 0 -0.0169324224871585 0
0 0 0 0 0 0 0 -0.0742620232076653 0 -0.0169324224871585 0 0
0 0 0 0 0 0 0 -0.0279469067222284 0 0 0 0
