0 0 0 0 0 0 0 0 0 0 0 0
0 0 0 0 0 0 0 0 0 0 0 0
0 0 0 0 0 0 0 0 0 0 0 0
0 0 0 0 0 0 0 0 0 0 0 0
0 0 0 0 0 0 0.182772831857229 0.131783492943391 0 0 0 0
0 0 0 0 0 0 0.0295626550508697 0 0 0 0 0
0 0 0 0 0.182772831857229 0.0295626550508697 0 0 0.162126417051696 0.0166138645309071 0 0
0 0 0 0 0.131783492943391 0 0 0 0.0294969991310755 0 0.101904588571941 0
0 0 0 0 0 0 0.162126417051696 0.0294969991310755 0 0 0 0
0 0 0 0 0 0 0.0166138645309071 0 0 0 0 0
0 0 0 0 0 0 0 0.101904588571941 0 0 0 0
0 0 0 0 0 0 0 0 0 0 0 0
