Inf 0.908812821127584 0.77982830668322 0.477319334871639 0.559946936493975 0.618250462536 -0.072078527140172 0.232516719917734 0.555425494408433 0.0648406226904401 0.457723727921466 0.353487608486251
0.908812821127584 Inf 0.605414715118616 0.58649455125899 0.323346555402771 0.2621220414574 -0.13321172860514 0.0887063219683425 0.508998163582063 0.381192737341412 0.462275236770516 0.53349257363815
0.77982830668322 0.605414715118616 Inf 1.23551740766826 0.313048111000051 0.481723370456049 0.0506846756113194 0.411458037437019 0.633462819838648 0.23174039347628 0.70749391516408 0.597414553632915
0.477319334871639 0.58649455125899 1.23551740766826 Inf 0.146173295631766 0.309406559469524 -0.14506865264759 0.210600022176907 0.405467127752977 0.354482072207497 0.541343673645713 0.59667202880416
0.559946936493975 0.323346555402771 0.313048111000051 0.146173295631766 Inf 0.500463924906551 0.0786082391584804 -0.00579906047679625 0.177312986302603 -0.0491450129368574 0.211310718870953 0.189265424518758
0.618250462536 0.262122041457398 0.481723370456049 0.309406559469524 0.500463924906551 Inf 0.261508999740199 0.364091717899977 0.298312026137875 -0.0710319761410384 0.307495697038343 0.291528872979497
-0.072078527140172 -0.13321172860514 0.0506846756113194 -0.14506865264759 0.0786082391584804 0.261508999740199 Inf 0.425370596476286 0.0759645044226416 -0.0843176126296736 0.00482250973073191 -0.00492624113718011
0.232516719917734 0.0887063219683425 0.411458037437019 0.210600022176907 -0.00579906047679625 0.364091717899977 0.425370596476286 Inf 0.457835499046133 0.0692547275423059 0.289677526135779 0.304675807096616
0.555425494408433 0.508998163582063 0.633462819838648 0.405467127752977 0.177312986302603 0.298312026137875 0.0759645044226416 0.457835499046133 Inf 0.751407516198763 1.04085688333101 0.724063656471408
0.0648406226904401 0.381192737341412 0.23174039347628 0.354482072207497 -0.0491450129368574 -0.0710319761410384 -0.0843176126296736 0.0692547275423059 0.751407516198763 Inf 0.53892162657314 0.641400286030071
0.457723727921466 0.462275236770516 0.70749391516408 0.541343673645713 0.211310718870953 0.307495697038343 0.00482250973073191 0.289677526135779 1.04085688333101 0.53892162657314 Inf 0.92270227707493
0.353487608486251 0.53349257363815 0.597414553632915 0.59667202880416 0.189265424518758 0.291528872979497 -0.00492624113718011 0.304675807096616 0.724063656471408 0.641400286030071 0.92270227707493 Inf
