Inf 1.55232450251142 0.794135856900498 0.574357260422328 0.415908034502532 0.463325626081514 0.18239153893268 0.377518628406758 0.549310069802632 0.592106687830359 0.593771984902579 0.524815993756012
1.55232450251142 Inf 0.831200702912253 0.644200603930427 0.384136720369832 0.564239469459257 0.184000426781195 0.411436572703638 0.443125855357566 0.560558606288833 0.548123505797677 0.593001759792917
0.794135856900498 0.831200702912253 Inf 1.69554604690477 0.665024728184332 0.880113229750413 0.361386099713364 0.516525816514016 0.712121332857044 1.05552313379274 1.09061293333499 0.999844891848418
0.574357260422328 0.644200603930427 1.69554604690477 Inf 0.526922543931695 0.858895870400323 0.362583247865266 0.410300318358139 0.517726006438177 0.966014066845452 0.860173237858501 1.02466906605634
0.415908034502532 0.384136720369832 0.665024728184332 0.526922543931695 Inf 0.915117365780375 0.476846276522142 0.559486864594286 1.04443607461768 0.767730947718608 1.19589012893973 0.911203440568554
0.463325626081514 0.564239469459257 0.880113229750415 0.858895870400323 0.915117365780375 Inf 0.447938484899507 0.610066525024144 0.751978359270675 0.995928665263327 1.1138804927334 1.29649619733
0.18239153893268 0.184000426781195 0.361386099713364 0.362583247865266 0.476846276522142 0.447938484899507 Inf 0.620761454006505 0.432139390081089 0.483194847116821 0.464727582117885 0.497264150561019
0.377518628406758 0.411436572703638 0.516525816514016 0.410300318358139 0.559486864594286 0.610066525024144 0.620761454006505 Inf 0.486308190375574 0.597564187880615 0.650478697675974 0.553528646465377
0.549310069802632 0.443125855357566 0.712121332857044 0.517726006438177 1.04443607461768 0.751978359270677 0.432139390081089 0.486308190375574 Inf 0.968672874633777 1.24389494342114 0.871542532241829
0.592106687830359 0.560558606288833 1.05552313379274 0.966014066845452 0.767730947718608 0.995928665263327 0.483194847116821 0.597564187880615 0.968672874633777 Inf 1.12290899327391 1.36000853084281
0.593771984902579 0.548123505797677 1.09061293333499 0.860173237858501 1.19589012893973 1.1138804927334 0.464727582117885 0.650478697675974 1.24389494342114 1.12290899327391 Inf 1.26199419904161
0.524815993756012 0.593001759792917 0.999844891848421 1.02466906605634 0.911203440568554 1.29649619733 0.497264150561019 0.553528646465377 0.871542532241829 1.36000853084281 1.26199419904161 Inf
