Inf 1.13287487410494 0.993971810432358 0.852879220105553 1.00557236522791 0.890509151365507 0.497037650443001 0.563147938543153 0.640172560649377 0.190723765794814 0.881511941626195 1.00196759088824
1.13287487410494 Inf 0.6691847997093 0.773876149690914 0.654104077898377 0.903268835496974 0.417053271798994 0.478891184942776 0.253929021041416 0.403915859151274 0.484446262804421 0.869538320783927
0.993971810432358 0.6691847997093 Inf 1.47334811579486 1.14129672568313 0.994335471422256 0.533141492520896 0.601062978213449 0.781409849619682 0.127479543381927 1.19162023165606 1.08054118121985
0.852879220105553 0.773876149690914 1.47334811579486 Inf 0.882332562846794 1.0655931443352 0.563833473501709 0.59831754858415 0.506072510234519 0.27391972430181 0.814865958724741 1.07121731110411
1.00557236522791 0.654104077898376 1.14129672568313 0.882332562846794 Inf 0.865917783921474 0.627245592702492 0.566850773480623 0.709547198820771 0.0895069574223008 0.899874012531218 0.885485491499914
0.890509151365507 0.903268835496974 0.994335471422256 1.0655931443352 0.865917783921474 Inf 0.44788741796857 0.4513880513622 0.488209957023579 0.196916264199829 0.802037923767015 1.17074566463363
0.497037650443001 0.417053271798994 0.533141492520896 0.563833473501709 0.627245592702492 0.44788741796857 Inf 0.576414862586211 0.439878866628537 0 0.393053049142064 0.479390484869299
0.563147938543153 0.478891184942776 0.601062978213449 0.59831754858415 0.566850773480623 0.4513880513622 0.576414862586211 Inf 0.563502179519251 0.120803249155239 0.427956119259137 0.676912368467473
0.640172560649377 0.253929021041416 0.781409849619682 0.506072510234519 0.709547198820771 0.488209957023579 0.439878866628537 0.563502179519251 Inf 0.156875902845054 0.896358889721518 0.74730812599867
0.190723765794814 0.403915859151274 0.127479543381927 0.27391972430181 0.0895069574223008 0.196916264199829 0 0.120803249155239 0.156875902845054 Inf 0.0512462460000948 0.366900133076796
0.881511941626195 0.484446262804421 1.19162023165606 0.814865958724741 0.899874012531218 0.802037923767015 0.393053049142064 0.427956119259137 0.896358889721518 0.0512462460000948 Inf 1.06127750006056
1.00196759088824 0.869538320783927 1.08054118121985 1.07121731110411 0.885485491499914 1.17074566463363 0.479390484869299 0.676912368467473 0.74730812599867 0.366900133076796 1.06127750006056 Inf
