0 0 0 0 0 0 -0.0719539624659665 0 0 0 0 0
0 0 0 0 0 0 -0.132429318233104 0 0 0 0 0
0 0 0 0 0 0 0 0 0 0 0 0
0 0 0 0 0 0 -0.144059494417552 0 0 0 0 0
0 0 0 0 0 0 0 -0.0057989954719378 0 -0.0491054855826952 0 0
0 0 0 0 0 0 0 0 0 -0.070912751824759 0 0
-0.0719539624659665 -0.132429318233104 0 -0.144059494417552 0 0 0 0 0 -0.0841183616780204 0 -0.00492620128780375
0 0 0 0 -0.0057989954719378 0 0 0 0 0 0 0
0 0 0 0 0 0 0 0 0 0 0 0
0 0 0 0 -0.0491054855826952 -0.070912751824759 -0.0841183616780204 0 0 0 0 0
0 0 0 0 0 0 0 0 0 0 0 0
0 0 0 0 0 0 -0.00492620128780375 0 0 0 0 0
