0 0 0 0 0 0 0.0309437283826982 0.0691740235683229 0 0 0 0
0 0 0 0 0 0 0 0.0194305206575921 0.094310694521655 0 0 0
0 0 0 0 0 0 0 0 0 0 0 0
0 0 0 0 0 0 0 0 0 0 0 0
0 0 0 0 0 0 0.0369324282310236 0 0 0 0 0.0255941441549573
0 0 0 0 0 0 0 0 0 0 0 0
0.0309437283826982 0 0 0 0.0369324282310236 0 0 0 0 0 0.215040340757864 0.1108066861591
0.0691740235683229 0.0194305206575921 0 0 0 0 0 0 0 0 0.160303259318707 0.134652769283789
0 0.094310694521655 0 0 0 0 0 0 0 0 0 0
0 0 0 0 0 0 0 0 0 0 0 0
0 0 0 0 0 0 0.215040340757864 0.160303259318707 0 0 0 0
0 0 0 0 0.0255941441549573 0 0.1108066861591 0.134652769283789 0 0 0 0
