0 0 0 0 0 0 0 0 0 0 0 0
0 0 0 0 0 0 0 0 0 0 0 0
0 0 0 0 0 0 0 0 0 0 0 0
0 0 0 0 0 0 0 0 0 0 0 0
0 0 0 0 0 0 0 0 -0.0926393293850103 -0.203684278248999 0 0
0 0 0 0 0 0 0 0 -0.0246204918153569 0 0 0
0 0 0 0 0 0 0 0 -0.0289291785855582 -0.114115032482919 0 0
0 0 0 0 0 0 0 0 -0.0728788213987182 0 0 0
0 0 0 0 -0.0926393293850103 -0.0246204918153569 -0.0289291785855582 -0.0728788213987182 0 0 0 0
0 0 0 0 -0.203684278248999 0 -0.114115032482919 0 0 0 0 0
0 0 0 0 0 0 0 0 0 0 0 0
0 0 0 0 0 0 0 0 0 0 0 0
