0 0 0 0 0 0 0.0196495805324278 0 0 0 0 0
0 0 0 0 0 0 0 0 0 0 0 0
0 0 0 0 0 0 0.108300616792112 0 0 0 0 0
0 0 0 0 0 0 0.0639895483952999 0 0 0 0 0
0 0 0 0 0 0 0 0 0 0 0 0
0 0 0 0 0 0 0 0 0 0 0 0
0.0196495805324278 0 0.108300616792112 0.0639895483952999 0 0 0 0 0.043201365831953 0 0.0286102666430796 0.0883686412950445
0 0 0 0 0 0 0 0 0.00709467565112594 0 0 0
0 0 0 0 0 0 0.043201365831953 0.00709467565112594 0 0 0 0
0 0 0 0 0 0 0 0 0 0 0 0
0 0 0 0 0 0 0.0286102666430796 0 0 0 0 0
0 0 0 0 0 0 0.0883686412950445 0 0 0 0 0
