Inf 1.56459491238587 0.533772012084052 0.658208699503521 0.702145880045673 0.759439939772085 0.311622670034214 0.0822885491406228 0.804617754850038 0.464501507167411 0.574308812305113 0.557009800996056
1.56459491238587 Inf 0.549593930861188 0.731811171717069 0.597011631202668 0.690010659151175 0.213941530404873 0.0949915894048045 0.709111212370098 0.53973742750085 0.570009675074636 0.64842091243044
0.533772012084052 0.549593930861188 Inf 1.38334982952744 0.733605957756362 0.644729174296705 0.168108688761223 0.0325949952577678 0.547907522017682 0.468375236876968 0.882548910794951 0.759671398722582
0.658208699503521 0.731811171717069 1.38334982952744 Inf 0.585457500003022 0.590892887622899 0.219061638591302 0.0626910084660992 0.50418117055885 0.571287909988273 0.708491897996444 0.808092675014372
0.702145880045673 0.597011631202668 0.733605957756362 0.585457500003024 Inf 1.09584224320874 0.211069679137502 0.211706881823635 0.672015860674055 0.57844964824178 0.878870236388133 0.7776631390597
0.759439939772085 0.690010659151175 0.644729174296705 0.590892887622899 1.09584224320874 Inf 0.182016920619029 0.219010942373695 0.647636800554033 0.527471664708122 0.83895677720995 0.748455510709076
0.311622670034214 0.213941530404873 0.168108688761223 0.219061638591302 0.211069679137502 0.182016920619029 Inf 0.125286569011272 0.160446852341694 0.179106288120468 0.292579435804662 0.24233514816709
0.0822885491406228 0.0949915894048045 0.0325949952577678 0.0626910084660992 0.211706881823635 0.219010942373695 0.125286569011272 Inf 0.1195957465729 0.231325553981067 0.187839317570561 0.374426014684081
0.804617754850038 0.709111212370098 0.547907522017682 0.50418117055885 0.672015860674055 0.647636800554033 0.160446852341694 0.1195957465729 Inf 0.659693779807827 0.952137314008089 0.710177250573606
0.464501507167411 0.53973742750085 0.468375236876968 0.571287909988273 0.57844964824178 0.527471664708122 0.179106288120468 0.231325553981067 0.659693779807827 Inf 0.623299087617937 1.09663724212273
0.574308812305113 0.570009675074636 0.882548910794951 0.708491897996444 0.878870236388133 0.83895677720995 0.292579435804662 0.187839317570561 0.952137314008089 0.623299087617937 Inf 1.01042023634876
0.557009800996056 0.64842091243044 0.759671398722582 0.808092675014372 0.7776631390597 0.748455510709076 0.24233514816709 0.374426014684081 0.710177250573606 1.09663724212273 1.01042023634876 Inf
