0 0 0 0.180677592908374 0 0.00772506976905625 0 0.150301007133446 0 0.234870073506056 0 0.195239047530761
0 0 0 0 0 0 0 0 0.0617753109662655 0.219358675068081 0.0885067785207629 0.0333246307925933
0 0 0 0 0 0 0 0 0 0 0 0
0.180677592908374 0 0 0 0 0 0 0 0 0 0 0
0 0 0 0 0 0 0 0.0280017269606957 0 0 0 0
0.00772506976905625 0 0 0 0 0 0 0 0 0 0 0
0 0 0 0 0 0 0 0 0.0443501353238606 0.0560146921922839 0 0
0.150301007133446 0 0 0 0.0280017269606957 0 0 0 0.144687412693935 0 0 0
0 0.0617753109662655 0 0 0 0 0.0443501353238606 0.144687412693935 0 0 0 0
0.234870073506056 0.219358675068081 0 0 0 0 0.0560146921922839 0 0 0 0 0
0 0.0885067785207629 0 0 0 0 0 0 0 0 0 0
0.195239047530761 0.0333246307925933 0 0 0 0 0 0 0 0 0 0
