0 0 0 0 0 0 -0.0138831705879566 0 0 0 0 0
0 0 0 0 0 0 0 0 0 0 0 0
0 0 0 0 0 0 -0.0961165303965833 0 0 0 0 0
0 0 0 0 0 0 0 0 0 0 0 0
0 0 0 0 0 0 0 0 0 0 0 0
0 0 0 0 0 0 0 0 0 0 0 0
-0.0138831705879566 0 -0.0961165303965833 0 0 0 0 0 -0.224734082644973 -0.130547989948727 -0.177383337744351 -0.181167371333075
0 0 0 0 0 0 0 0 -0.0917363966377827 -0.109362818308383 -0.0571457655899988 -0.00157252725282413
0 0 0 0 0 0 -0.224734082644973 -0.0917363966377827 0 0 0 0
0 0 0 0 0 0 -0.130547989948727 -0.109362818308383 0 0 0 0
0 0 0 0 0 0 -0.177383337744351 -0.0571457655899988 0 0 0 0
0 0 0 0 0 0 -0.181167371333075 -0.00157252725282413 0 0 0 0
