Inf 1.16969514797489 0.517329200502302 0.443083691418697 0.191122580233164 0.232230694455643 0.116906170417277 -0.0247052781122369 0.116136769154276 0.311914304013899 0.254536197138315 0.380900669817751
1.16969514797489 Inf 0.440734426084759 0.546540886607758 0.228804631006229 0.221359572024335 0.0294722016154908 0.102254492616878 0.0882627357525932 0.344214844613752 0.179562809724379 0.368132247334413
0.517329200502302 0.440734426084759 Inf 0.931911668523861 0.362449563075998 0.285346696704052 0.108156940935244 0.0105777819770958 0.158148194062712 0.18179386622182 0.444189077556471 0.567990911297213
0.443083691418697 0.546540886607758 0.931911668523861 Inf 0.166824577020879 0.273821820243216 -0.133495705150159 0.13136303547673 -0.0110235991927 0.288944664829272 0.175403256482867 0.516791782787378
0.191122580233164 0.228804631006229 0.362449563075998 0.166824577020879 Inf 0.592679199078797 0.0388846103520201 0.00513990727561323 0.137855443215923 0.119151284187663 0.30276466165477 0.2848746209467
0.232230694455643 0.221359572024335 0.285346696704052 0.273821820243216 0.592679199078797 Inf 0.0544460317314205 0.239908803512347 -0.00901132936639724 0.0434647426620696 0.100162404170239 0.15839089649316
0.116906170417277 0.0294722016154908 0.108156940935244 -0.133495705150159 0.0388846103520201 0.0544460317314205 Inf -0.0837212772605191 0.0924908406500381 0.0323135475685123 0.13504456483311 -0.032977783355663
-0.0247052781122369 0.102254492616878 0.0105777819770958 0.13136303547673 0.00513990727561323 0.239908803512347 -0.0837212772605191 Inf 0.0194258041587772 0.0330773506665525 0.01453579199068 0.0708500790793715
0.116136769154276 0.0882627357525932 0.158148194062712 -0.0110235991927 0.137855443215923 -0.00901132936639724 0.0924908406500381 0.0194258041587772 Inf 0.155753478987314 0.725764394831162 0.351949975719734
0.311914304013899 0.344214844613752 0.18179386622182 0.288944664829272 0.119151284187663 0.0434647426620695 0.0323135475685123 0.0330773506665525 0.155753478987314 Inf 0.153558071617966 0.127074038959654
0.254536197138315 0.179562809724379 0.444189077556471 0.175403256482867 0.30276466165477 0.100162404170239 0.13504456483311 0.01453579199068 0.725764394831162 0.153558071617966 Inf 0.886197380380329
0.380900669817751 0.368132247334413 0.567990911297213 0.516791782787378 0.2848746209467 0.15839089649316 -0.032977783355663 0.0708500790793715 0.351949975719734 0.127074038959654 0.886197380380329 Inf
