Inf 1.06307321307233 0.376000028870289 0.279311963375552 0.394308293804266 0.373266163777185 0.0670142898563366 0.143814774585219 0.375916894084596 0.323694586161839 0.553862432459838 0.233755032341229
1.06307321307234 Inf 0.312703693484305 0.37774700064549 0.191799815649139 0.319186391699417 0.151689032789049 0.236248474605658 0.313660399762277 0.300275912906886 0.383006807211538 0.230050922731839
0.376000028870289 0.312703693484305 Inf 0.959290242906454 0.366300644617885 0.486716154692482 0.254206166491167 0.351111133746841 0.355524954348017 0.465054158224578 0.529793567813384 0.592696638612085
0.279311963375552 0.37774700064549 0.959290242906454 Inf 0.443518577768972 0.497704789806767 0.243371302376166 0.441127834348837 0.344005182302415 0.656221080577833 0.333620655899538 0.621603624662265
0.394308293804266 0.191799815649139 0.366300644617885 0.443518577768972 Inf 0.483490549064053 -0.0668461080939724 0.166274959419676 0.370503976085856 0.453361558736931 0.538163737259851 0.482608026754916
0.373266163777185 0.319186391699417 0.486716154692482 0.497704789806767 0.483490549064053 Inf 0.186815399977915 0.397983819587754 0.128409980981488 0.263599790943167 0.519999841998447 0.391562804735469
0.0670142898563366 0.151689032789049 0.254206166491167 0.243371302376166 -0.0668461080939724 0.186815399977915 Inf 0.194115052105389 -0.0278791012143115 -0.0038637831152021 0.194423088719231 0.160664307672969
0.143814774585219 0.236248474605658 0.351111133746841 0.441127834348837 0.166274959419676 0.397983819587754 0.194115052105389 Inf 0.267568000870476 0.371313922546111 0.263907169896979 0.418752736306773
0.375916894084596 0.313660399762277 0.355524954348017 0.344005182302415 0.370503976085856 0.128409980981488 -0.0278791012143115 0.267568000870476 Inf 0.835600799859001 0.542835630611239 0.550250490956519
0.323694586161839 0.300275912906886 0.465054158224578 0.656221080577833 0.453361558736931 0.263599790943167 -0.0038637831152021 0.371313922546111 0.835600799859001 Inf 0.447808033283169 0.863906492373688
0.553862432459838 0.383006807211538 0.529793567813384 0.333620655899538 0.538163737259851 0.519999841998447 0.194423088719231 0.263907169896979 0.542835630611239 0.447808033283169 Inf 0.590125821679087
0.233755032341229 0.230050922731839 0.592696638612085 0.621603624662265 0.482608026754916 0.391562804735469 0.160664307672969 0.418752736306773 0.550250490956519 0.863906492373688 0.590125821679087 Inf
