Inf 0.714534245936419 0.303186493969094 0 0.183318450310538 0.0170947432666822 0 0.123992353267979 0.574912604437137 0 0.205846215080902 0
0.714534245936419 Inf 0.428523876538493 0.295924624709218 0.202846619680097 0.243266714760559 0.112429284842017 0.405336413933652 0.559268536050687 0.421565108425852 0.346384188255445 0.382324134084255
0.303186493969094 0.428523876538493 Inf 1.14797690013357 0.300254994433072 0.447090101488919 0.102006127543174 0.432330699344547 0.538368756209878 0.543907025417317 0.596828067828902 0.611671636947096
0 0.295924624709218 1.14797690013357 Inf 0.166908691171934 0.361756877495711 0.254653214788806 0.51375934058113 0.310678290092379 0.725003775181822 0.364155767885475 0.675817666831416
0.183318450310538 0.202846619680097 0.300254994433072 0.166908691171934 Inf 0.640494133468708 0.325002197410356 0.259732803162651 0.495503155016861 0.0994028068137554 0.64153190414988 0.434379643288286
0.0170947432666822 0.243266714760559 0.447090101488919 0.361756877495711 0.640494133468708 Inf 0.185092185887377 0.428048470277945 0.339538300647699 0.297837165162305 0.847071189421802 0.981173113812998
0 0.112429284842017 0.102006127543174 0.254653214788806 0.325002197410356 0.185092185887377 Inf 0.421562086526268 0.0381691597589756 0.209148822784371 0.139304324607387 0.202495650360096
0.123992353267979 0.405336413933652 0.432330699344547 0.51375934058113 0.259732803162651 0.428048470277945 0.421562086526268 Inf 0.20938853287054 0.361317213660052 0.355957534277316 0.46742266136292
0.574912604437137 0.559268536050687 0.538368756209878 0.310678290092379 0.495503155016861 0.339538300647699 0.0381691597589756 0.20938853287054 Inf 0.477468555712692 0.739745436026584 0.397680808150573
0 0.421565108425852 0.543907025417317 0.725003775181822 0.0994028068137554 0.297837165162305 0.209148822784371 0.361317213660052 0.477468555712692 Inf 0.374674890154514 0.608750002576699
0.205846215080902 0.346384188255445 0.596828067828902 0.364155767885475 0.64153190414988 0.847071189421802 0.139304324607387 0.355957534277316 0.739745436026585 0.374674890154514 Inf 0.930715289339363
0 0.382324134084255 0.611671636947096 0.675817666831416 0.434379643288286 0.981173113812998 0.202495650360096 0.46742266136292 0.397680808150573 0.608750002576699 0.930715289339363 Inf
