1 0.811808608742384 0.685909260502824 0.517516539783047 0.728967151695844 0.635157817856378 0.107226981021767 0.176615642996889 0.668248976476421 0.511549504995726 0.761857443561062 0.681757980964877
0.811808608742384 1 0.582726046370205 0.552353973798731 0.522413427270109 0.541116668899157 0.0292542550488812 0.110397437418701 0.473942579390059 0.637178129680376 0.49030664823478 0.662864230544447
0.685909260502824 0.582726046370205 1 0.800057210330042 0.702496013432243 0.567695477920729 0.234094856692758 0.279792993736085 0.618615134144958 0.595032480975292 0.718263960858155 0.739215345136275
0.517516539783047 0.552353973798731 0.800057210330042 1 0.590248137487319 0.577063403923384 0.141089808541825 0.232860591785126 0.377871502085027 0.654041383698941 0.507398807579583 0.76037873246124
0.728967151695844 0.522413427270109 0.702496013432243 0.590248137487319 1 0.544618818894799 0.127220939961839 0.24981689833872 0.57419639566546 0.410103981813591 0.789973771136192 0.671509804683973
0.635157817856378 0.541116668899157 0.567695477920729 0.577063403923384 0.544618818894799 1 0.0909497011537465 0.190301646005039 0.57025525011361 0.587910698553725 0.540076233168515 0.630328357607713
0.107226981021767 0.0292542550488812 0.234094856692758 0.141089808541825 0.127220939961839 0.0909497011537465 1 0.281356822640645 0.13523580198307 0.0551471748185082 0.0932594048050885 0.0998245859715857
0.176615642996889 0.110397437418701 0.279792993736085 0.232860591785126 0.249816898338719 0.190301646005039 0.281356822640645 1 0.107137962185472 0.0502463700458488 0.0990059897119909 0.202988736193153
0.668248976476421 0.473942579390059 0.618615134144958 0.377871502085027 0.57419639566546 0.57025525011361 0.13523580198307 0.107137962185472 1 0.514169229474699 0.701682675334578 0.593241459575616
0.511549504995726 0.637178129680376 0.595032480975292 0.654041383698941 0.410103981813591 0.587910698553725 0.0551471748185082 0.0502463700458488 0.514169229474699 1 0.461426500408841 0.801916944650308
0.761857443561062 0.49030664823478 0.718263960858155 0.507398807579583 0.789973771136192 0.540076233168515 0.0932594048050884 0.0990059897119909 0.701682675334578 0.461426500408841 1 0.691999041278509
0.681757980964877 0.662864230544447 0.739215345136275 0.76037873246124 0.671509804683973 0.630328357607713 0.0998245859715857 0.202988736193153 0.593241459575616 0.801916944650308 0.691999041278509 1
