0 0 0 0 0 0 0 0 0 0.103729039795058 0 0
0 0 0 0 0 0 0 0.0799551885448547 0 0 0 0
0 0 0 0 0 0 0 0 0 0 0 0
0 0 0 0 0 0 0 0 0 0 0 0
0 0 0 0 0 0.139344413017012 0 0 0 0.185481470453886 0 0
0 0 0 0 0.139344413017012 0 0 0 0 0 0 0
0 0 0 0 0 0 0 0 0 0.154423906227057 0.00826366200551017 0
0 0.0799551885448547 0 0 0 0 0 0 0.0308045283024562 0.135566061412795 0 0.042050112013905
0 0 0 0 0 0 0 0.0308045283024562 0 0 0 0
0.103729039795058 0 0 0 0.185481470453886 0 0.154423906227057 0.135566061412795 0 0 0 0
0 0 0 0 0 0 0.00826366200551017 0 0 0 0 0
0 0 0 0 0 0 0 0.042050112013905 0 0 0 0
