Inf 0.765350647182227 0.65838644938088 0.334604388858933 0.156818692320145 0.254044601774372 -0.00168000576759307 0.280597951597636 0.846534139791874 0.303818624080627 0.571177633282942 0.333253921353533
0.765350647182227 Inf 0.697849286849987 0.718060148452698 0.0629204070307478 0.427249879812223 0.0885209938069072 0.392738334599217 0.646321556002246 0.796538197275229 0.485970255675765 0.760913438985313
0.65838644938088 0.697849286849987 Inf 1.13667055546101 0.184869484319228 0.509749535191943 0.0931218308802981 0.404993827157666 0.946850464109794 0.84965606748522 0.823641552750646 0.874139942487303
0.334604388858933 0.718060148452698 1.13667055546101 Inf 0.130403318097649 0.556260193008242 0.106816188549852 0.433948237783579 0.595270417003377 0.981263317662906 0.6233831982203 1.03459287029616
0.156818692320145 0.0629204070307478 0.184869484319228 0.130403318097649 Inf 0.220618022756638 -0.03843746885344 0.019833448409773 0.0403696293347662 0.0712479385447265 0.299856760340484 0.108404698255262
0.254044601774372 0.427249879812223 0.509749535191943 0.556260193008242 0.220618022756638 Inf 0.144578542356152 0.344965372972337 0.427826249624131 0.661960593248414 0.665012525256357 0.794854736613009
-0.00168000576759307 0.0885209938069072 0.0931218308802981 0.106816188549852 -0.03843746885344 0.144578542356152 Inf 0.112387253185141 0.0709482602900103 0.096522340573243 0.0614085525801054 0.145913401643932
0.280597951597636 0.392738334599217 0.404993827157666 0.433948237783579 0.019833448409773 0.344965372972337 0.112387253185141 Inf 0.342347673373099 0.384919759840995 0.336335828590281 0.479847056106096
0.846534139791874 0.646321556002246 0.946850464109794 0.595270417003377 0.0403696293347662 0.427826249624131 0.0709482602900103 0.342347673373099 Inf 0.657357536050265 0.742671058620285 0.71703135333822
0.303818624080627 0.796538197275228 0.84965606748522 0.981263317662906 0.0712479385447265 0.661960593248414 0.096522340573243 0.384919759840995 0.657357536050265 Inf 0.803801062702864 1.35881007082091
0.571177633282942 0.485970255675765 0.823641552750648 0.6233831982203 0.299856760340484 0.665012525256357 0.0614085525801054 0.336335828590281 0.742671058620285 0.803801062702864 Inf 0.891018793106283
0.333253921353533 0.760913438985313 0.874139942487303 1.03459287029616 0.108404698255262 0.794854736613009 0.145913401643932 0.479847056106096 0.71703135333822 1.35881007082091 0.891018793106283 Inf
