Inf 0.731796761962952 0.149260185168915 -0.415829108250605 0.252378408561269 0.0608454497781212 0.0837922412783915 -0.294404086442658 0.346200447129276 0.120898228830526 0.247151979670346 -0.182001382904267
0.731796761962952 Inf 0.229803670535926 0.0406170904236882 0.0498695755669258 0.235892967217399 0.351423515757094 -0.226628175922277 0.0252201619665155 0.55768007486671 -0.0568101546972545 0.318839559893221
0.149260185168915 0.229803670535926 Inf 0.358467308866828 0.131801712892725 0.258527144548691 0.268124177978188 0.0378613537871198 0.200443505084006 0.358686660239675 0.240552775032827 0.252657843353256
-0.415829108250605 0.0406170904236882 0.358467308866828 Inf -0.138781141001537 0.32004821920096 0.296219336420211 0.521928640933927 -0.392474586137128 0.495021128366561 -0.0941807974206485 0.745307872902893
0.252378408561269 0.0498695755669258 0.131801712892725 -0.138781141001537 Inf 0.154271867899372 0.106775005948164 0.0214428327005255 0.257115299362234 0.221876906046769 0.302669431300872 -0.0239984238878298
0.0608454497781212 0.235892967217399 0.258527144548691 0.32004821920096 0.154271867899372 Inf 0.0745315949659491 -0.0958318260528837 -0.109712162432576 0.207286367559293 0.0538595597334537 0.562005584071771
0.0837922412783915 0.351423515757094 0.268124177978188 0.296219336420211 0.106775005948164 0.0745315949659491 Inf 0.098719603090661 -0.0266231361039627 0.397509565775693 -0.0968493392318412 0.120555802647863
-0.294404086442658 -0.226628175922277 0.0378613537871198 0.521928640933927 0.0214428327005255 -0.0958318260528837 0.098719603090661 Inf -0.106594446833855 0.166436643736701 -0.17190406438983 0.0640517536225114
0.346200447129276 0.0252201619665155 0.200443505084006 -0.392474586137128 0.257115299362234 -0.109712162432576 -0.0266231361039627 -0.106594446833855 Inf 0.102437220349382 0.394777145502199 -0.405841505402597
0.120898228830526 0.55768007486671 0.358686660239675 0.495021128366561 0.221876906046769 0.207286367559293 0.397509565775693 0.166436643736701 0.102437220349382 Inf -0.0140987978454543 0.544978713627072
0.247151979670346 -0.0568101546972545 0.240552775032827 -0.0941807974206485 0.302669431300872 0.0538595597334537 -0.0968493392318412 -0.17190406438983 0.394777145502199 -0.0140987978454543 Inf 0.0462950474366542
-0.182001382904267 0.318839559893221 0.252657843353256 0.745307872902893 -0.0239984238878298 0.562005584071771 0.120555802647863 0.0640517536225114 -0.405841505402597 0.544978713627072 0.0462950474366542 Inf
