Inf 1.49108059450501 0.617764072824042 0.637512204233735 0.678316079733456 0.553648338502709 0.317382165816825 0.43443771328538 0.330237607678404 0.279072416544149 0.615331248095199 0.733386052150655
1.49108059450501 Inf 0.690685792557065 0.712785014823473 0.647516038979152 0.39962301945865 0.237769935536848 0.328748272205729 0.308654599710474 0.378067356861384 0.640174533120806 0.755392289479902
0.617764072824042 0.690685792557065 Inf 1.4017386187584 0.500380963409985 0.387427855556222 0.385680527290445 0.336571574527686 0.256138208442876 0.327595723980601 0.66525860525214 0.737136237680327
0.637512204233735 0.712785014823473 1.4017386187584 Inf 0.514571096196313 0.383249383724592 0.419447018614394 0.415509708661598 0.288042427512832 0.373656942693183 0.687008651063429 0.959316117547314
0.678316079733456 0.647516038979152 0.500380963409985 0.514571096196313 Inf 0.369889637939117 0.272228863068533 0.328411621413421 0.270747967425745 0.29679143898149 0.534601301561082 0.675073047797601
0.553648338502709 0.39962301945865 0.387427855556222 0.383249383724592 0.369889637939117 Inf 0.383829110911329 0.470641246321364 0.353104811332634 0.162799791608843 0.533554759510496 0.648970170436534
0.317382165816825 0.237769935536848 0.385680527290445 0.419447018614394 0.272228863068533 0.383829110911329 Inf 0.293403079214563 0.365397504592811 0.313729589911049 0.461030716738179 0.451181491311928
0.43443771328538 0.328748272205729 0.336571574527686 0.415509708661598 0.328411621413421 0.470641246321364 0.293403079214563 Inf 0.188021739760176 0.114381909123344 0.339147191095659 0.410706247829898
0.330237607678404 0.308654599710474 0.256138208442876 0.288042427512832 0.270747967425745 0.353104811332634 0.365397504592811 0.188021739760176 Inf 0.569384445238796 0.55669752531473 0.504621047069022
0.279072416544149 0.378067356861384 0.327595723980601 0.373656942693183 0.29679143898149 0.162799791608843 0.313729589911049 0.114381909123344 0.569384445238796 Inf 0.425487640979045 0.580263208638829
0.615331248095199 0.640174533120806 0.66525860525214 0.687008651063429 0.534601301561082 0.533554759510496 0.461030716738179 0.339147191095659 0.55669752531473 0.425487640979045 Inf 1.18017416262835
0.733386052150655 0.755392289479902 0.737136237680327 0.959316117547314 0.675073047797601 0.648970170436532 0.451181491311928 0.410706247829898 0.504621047069022 0.580263208638829 1.18017416262835 Inf
