Inf 0.963009708456913 0.595154756832908 0.281876366886656 0.946442906767942 0.406152044445234 0.284861674868206 0.283931158912743 0.555883020118286 0.59927822487795 0.694450623612502 0.564882071420799
0.963009708456913 Inf 0.661256188478726 0.577935930536385 0.591310830543056 0.417984475241653 0.186920913091801 0.376383377250378 0.260795324215568 0.629895415500011 0.547920405640013 0.666943389427205
0.595154756832908 0.661256188478726 Inf 1.11349922185196 0.479209454268536 0.452868831093258 0.231358836047449 0.385675796017716 0.30199073603408 0.761181316836767 0.900954974665891 0.913609803141448
0.281876366886656 0.577935930536385 1.11349922185196 Inf 0.199750969756626 0.380182177766172 0.158830965371113 0.339940243211703 0 0.519390024974714 0.474328590869539 0.828106740103887
0.946442906767942 0.591310830543056 0.479209454268536 0.199750969756626 Inf 0.700178998439428 0.417866010430311 0.46294501096837 0.555009284844783 0.823406812182793 0.838449388996401 0.531105017374494
0.406152044445234 0.417984475241653 0.452868831093258 0.380182177766172 0.700178998439428 Inf 0.35197104491343 0.584457515593399 0.310345981981756 0.886340279862141 0.792859020507587 0.735356028246952
0.284861674868206 0.186920913091801 0.231358836047449 0.158830965371113 0.417866010430311 0.35197104491343 Inf 0.478637104362786 0.247343735070662 0.334156534038213 0.318461989852351 0.203177858050522
0.283931158912743 0.376383377250378 0.385675796017716 0.339940243211703 0.46294501096837 0.584457515593399 0.478637104362786 Inf 0.191665649575774 0.529856544611882 0.539440225466829 0.517961322964616
0.555883020118286 0.260795324215568 0.30199073603408 0 0.555009284844783 0.310345981981756 0.247343735070662 0.191665649575774 Inf 0.40808203885841 0.610266918542081 0.428650175377655
0.59927822487795 0.629895415500011 0.761181316836767 0.519390024974714 0.823406812182793 0.886340279862141 0.334156534038213 0.529856544611882 0.40808203885841 Inf 1.02320483991794 0.817426662848375
0.694450623612502 0.547920405640013 0.900954974665891 0.474328590869539 0.838449388996401 0.792859020507587 0.318461989852351 0.539440225466829 0.610266918542081 1.02320483991794 Inf 0.907192187147805
0.5648820714208 0.666943389427205 0.913609803141448 0.828106740103887 0.531105017374494 0.735356028246952 0.203177858050522 0.517961322964616 0.428650175377655 0.817426662848375 0.907192187147807 Inf
