Inf 1.13231068656275 0.840189197133996 0.572941890694333 0.926519731036687 0.750014860482174 0.107640791386004 0.178487193162297 0.807572539909559 0.564826220198135 1.00062721309715 0.832391391530521
1.13231068656275 Inf 0.666580507945844 0.621762475309958 0.579653344056915 0.605733272587226 0.029262604712108 0.110849238929033 0.515142872457723 0.753408693854793 0.536463954057645 0.797905554316953
0.840189197133996 0.666580507945844 Inf 1.09877122645931 0.872211535650468 0.644115859704295 0.238517371261024 0.287457470402012 0.722758597644972 0.685421257654034 0.904049566919106 0.948747174909867
0.572941890694333 0.621762475309958 1.09877122645931 Inf 0.678046790625827 0.658048757409986 0.142037345365712 0.237211944949129 0.397574268979822 0.782328866903398 0.559220447007195 0.99711231439803
0.926519731036687 0.579653344056915 0.872211535650468 0.678046790625827 Inf 0.610698805416802 0.127914047429472 0.255217512977695 0.653760989399752 0.435736222807305 1.07136191173062 0.813487790497122
0.750014860482174 0.605733272587226 0.644115859704295 0.658048757409986 0.610698805416802 Inf 0.0912017272127976 0.192650131094833 0.64790101864941 0.674467164056275 0.604263222384996 0.7419607806367
0.107640791386004 0.029262604712108 0.238517371261024 0.142037345365712 0.127914047429472 0.0912017272127976 Inf 0.289154927458953 0.136069398534202 0.05520318178102 0.0935311933759233 0.100158164981363
0.178487193162297 0.110849238929033 0.287457470402012 0.237211944949129 0.255217512977694 0.192650131094833 0.289154927458953 Inf 0.107550738009048 0.0502887198483284 0.0993313973994867 0.20584777069307
0.807572539909559 0.515142872457723 0.722758597644972 0.397574268979822 0.653760989399752 0.64790101864941 0.136069398534202 0.107550738009048 Inf 0.568380924844094 0.870607540849547 0.682653065590511
0.564826220198135 0.753408693854793 0.685421257654034 0.782328866903398 0.435736222807305 0.674467164056275 0.05520318178102 0.0502887198483284 0.568380924844094 Inf 0.499122157997615 1.10395996612645
1.00062721309715 0.536463954057645 0.904049566919106 0.559220447007195 1.07136191173062 0.604263222384996 0.0935311933759231 0.0993313973994867 0.870607540849547 0.499122157997615 Inf 0.851781538922449
0.832391391530521 0.797905554316953 0.948747174909867 0.99711231439803 0.813487790497122 0.7419607806367 0.100158164981363 0.20584777069307 0.682653065590511 1.10395996612645 0.851781538922449 Inf
