Inf 0.700191085890673 0.319426759017656 0.0124671987895771 0.0983218944435899 0.0275924280566982 0.194393725811261 0.222928555824589 0.726596557360984 0.161987760057125 0.476284877800692 0.323963053192797
0.700191085890673 Inf 0.388249598316494 0.423512046599407 0.137100834605324 0.122693385923967 0.244590686970048 0.329688309870758 0.216910351745543 0.769172606234476 0.0412414816237068 0.360099740070977
0.319426759017656 0.388249598316494 Inf 1.23003012291746 0.240145998184071 0.454478096960445 0.173864949496994 0.0680391063252075 0.44862612909255 0.396220369090679 0.467991621905369 0.600248247806941
0.0124671987895771 0.423512046599407 1.23003012291746 Inf 0.105000945842749 0.452614813432682 0.000607435743168635 0.051356549225695 0.105687718529836 0.571349601609543 0.130995548584673 0.458697603275262
0.0983218944435899 0.137100834605324 0.240145998184071 0.105000945842749 Inf 0.16431921670682 0.426525677892467 0.138574546778832 0.11349136164619 0.186856000435168 0.252355890891467 0.263689971549007
0.0275924280566982 0.122693385923967 0.454478096960445 0.452614813432682 0.16431921670682 Inf -0.0114955739178231 0.108105064480193 0.234281356567405 0.0578218142253191 0.318118509798609 0.354951341774691
0.194393725811261 0.244590686970048 0.173864949496994 0.000607435743168635 0.426525677892467 -0.0114955739178231 Inf 0.571123110732891 0.0780430537209616 0.123917720696477 -0.0534977180766961 -0.0189576404776393
0.222928555824589 0.329688309870758 0.0680391063252075 0.051356549225695 0.138574546778832 0.108105064480193 0.571123110732891 Inf -0.0504516430381523 0.0598480439118585 -0.0472470471564687 -0.019701449823728
0.726596557360984 0.216910351745543 0.44862612909255 0.105687718529836 0.11349136164619 0.234281356567405 0.0780430537209616 -0.0504516430381523 Inf 0.138626926352601 0.724730390737576 0.580604999494133
0.161987760057125 0.769172606234476 0.396220369090679 0.571349601609543 0.186856000435168 0.0578218142253191 0.123917720696477 0.0598480439118585 0.138626926352601 Inf -0.154453622256123 0.283659378094939
0.476284877800692 0.0412414816237068 0.467991621905369 0.130995548584673 0.252355890891467 0.318118509798609 -0.0534977180766961 -0.0472470471564687 0.724730390737576 -0.154453622256123 Inf 0.917885085671028
0.323963053192797 0.360099740070977 0.600248247806941 0.458697603275262 0.263689971549007 0.354951341774691 -0.0189576404776393 -0.019701449823728 0.580604999494133 0.283659378094939 0.917885085671028 Inf
