Inf 1.2205546034946 0.0939483333028426 0 0.228657816783291 0.130243468724088 0 0.0596457893362141 0.476934089420877 0.338219960738418 0.453631596169972 0.218799920078748
1.2205546034946 Inf 0.278126260143855 0.213061962855942 0.266675289361875 0.233235203690866 0.075467989942619 0.0725204190145687 0.296230513533563 0.450927822917897 0.455529915436014 0.355244162089698
0.0939483333028426 0.278126260143855 Inf 1.2975654269172 0.0733198905235511 0.0541032685283506 0.278404258153665 0.0832694700232543 0.0352968795754908 0.147524101815538 0.279166087933218 0.127957413626622
0 0.213061962855942 1.29756542691719 Inf 0.0600251538313321 0.084731822649426 0.405234947268091 0.101484270036283 0 0.129119381046697 0.162991705124274 0.205031741406682
0.228657816783291 0.266675289361875 0.0733198905235511 0.0600251538313321 Inf 0.921532015751532 0.100967824195338 0.149996719839154 0.756040223928067 0.523031147867111 0.910101812845551 0.783189348253775
0.130243468724088 0.233235203690866 0.0541032685283506 0.0847318226494258 0.921532015751532 Inf 0.0607899960789972 0.0633533595606453 0.457891642499754 0.458209485585023 0.676368354090019 0.830996612865913
0 0.075467989942619 0.278404258153665 0.405234947268091 0.100967824195338 0.0607899960789972 Inf 0.140657903491189 0 0.098925123520338 0.027763399483653 0
0.0596457893362141 0.0725204190145687 0.0832694700232543 0.101484270036283 0.149996719839154 0.0633533595606453 0.140657903491189 Inf 0 0 0 0.0224699673522015
0.476934089420877 0.296230513533563 0.0352968795754908 0 0.756040223928067 0.457891642499754 0 0 Inf 0.628515928319294 0.927826475464487 0.48520294422104
0.338219960738418 0.450927822917897 0.147524101815538 0.129119381046697 0.523031147867111 0.458209485585023 0.098925123520338 0 0.628515928319294 Inf 0.727422071484913 0.763955331590712
0.453631596169972 0.455529915436014 0.279166087933218 0.162991705124274 0.910101812845551 0.676368354090019 0.027763399483653 0 0.927826475464487 0.727422071484913 Inf 0.975661352601448
0.218799920078748 0.355244162089698 0.127957413626622 0.205031741406682 0.783189348253775 0.830996612865913 0 0.0224699673522015 0.48520294422104 0.763955331590712 0.975661352601448 Inf
