0 0 0 -0.0700290424214323 0 0 0 -0.0619882633591397 0 0 0 0
0 0 0 0 0 0 0 0 0 0 0 0
0 0 0 0 0 0 0 -0.0135313272899568 0 0 0 0
-0.0700290424214323 0 0 0 0 0 0 0 0 0 0 0
0 0 0 0 0 0 -0.0173441706065974 -0.211086516773617 0 0 0 0
0 0 0 0 0 0 0 -0.106787834921001 0 0 0 0
0 0 0 0 -0.0173441706065974 0 0 0 -0.156949038247189 -0.0486059861230214 -0.130448926086297 -0.12425326908035
-0.0619882633591397 0 -0.0135313272899568 0 -0.211086516773617 -0.106787834921001 0 0 -0.0945202778622686 -0.140159404001583 -0.21180847508866 -0.0518314642199814
0 0 0 0 0 0 -0.156949038247189 -0.0945202778622686 0 0 0 0
0 0 0 0 0 0 -0.0486059861230214 -0.140159404001583 0 0 0 0
0 0 0 0 0 0 -0.130448926086297 -0.21180847508866 0 0 0 0
0 0 0 0 0 0 -0.12425326908035 -0.0518314642199814 0 0 0 0
