Inf 1.20124900926142 0.370746917466775 0.381727220778991 0.48395760462714 0.301636915942934 0.213884927206694 0.16526577922271 0.336541905106487 0.383121588702556 0.28203722950177 0.251768713823115
1.20124900926142 Inf 0.367609194278861 0.527018585557074 0.36764264556913 0.44338912404878 0.185301056834136 0.159537049734031 0.261439315672262 0.702147168574405 0.180837787398637 0.429538377501736
0.370746917466775 0.36760919427886 Inf 1.10146810579264 0.424481270619589 0.304412897265723 0.327142034068145 0.340306119106242 0.206528898502259 0.262118586831714 0.416839794535072 0.319545212952402
0.381727220778991 0.527018585557074 1.10146810579264 Inf 0.265956070962942 0.314285764359832 0.259077814646654 0.307332885702507 0.0307292057538797 0.558612181271098 0.14166180410387 0.412299350356397
0.48395760462714 0.36764264556913 0.424481270619589 0.265956070962942 Inf 0.432168017117785 0.128511219685543 0.101027507506678 0.526937561241428 0.343938054506862 0.769440359885607 0.527896941027443
0.301636915942934 0.44338912404878 0.304412897265723 0.314285764359832 0.432168017117785 Inf 0.056352905176406 0.186316415343193 0.238009207939404 0.370669694523198 0.257884480783522 0.404075999034089
0.213884927206694 0.185301056834136 0.327142034068145 0.259077814646654 0.128511219685543 0.056352905176406 Inf 0.676851168064606 0.102833679178437 -0.114133115931726 0.238926802778972 -0.0945918863139416
0.16526577922271 0.159537049734031 0.340306119106242 0.307332885702507 0.101027507506678 0.186316415343193 0.676851168064606 Inf 0.155251528741564 0.0296127843704374 0.0596224706731457 0.0370656615089957
0.336541905106487 0.261439315672262 0.206528898502259 0.0307292057538797 0.526937561241428 0.238009207939404 0.102833679178437 0.155251528741564 Inf 0.204568402372084 0.549714785590891 0.476085521163913
0.383121588702556 0.702147168574405 0.262118586831714 0.558612181271098 0.343938054506862 0.370669694523198 -0.114133115931726 0.0296127843704374 0.204568402372084 Inf 0.209449373628911 0.968947717074697
0.28203722950177 0.180837787398637 0.416839794535072 0.14166180410387 0.769440359885607 0.257884480783522 0.238926802778972 0.0596224706731457 0.549714785590891 0.209449373628911 Inf 0.496789427141242
0.251768713823115 0.429538377501737 0.319545212952402 0.412299350356397 0.527896941027443 0.404075999034089 -0.0945918863139416 0.0370656615089957 0.476085521163913 0.968947717074697 0.496789427141242 Inf
