0 0 0 0 0 0 0 0 0 -0.283170700870611 0 -0.132949853973285
0 0 0 0 0 0 -0.0429939901799188 0 -0.00814268261842912 0 0 0
0 0 0 0 0 0 0 0 0 0 0 0
0 0 0 0 0 0 0 0 0 0 0 0
0 0 0 0 0 0 0 0 0 0 0 0
0 0 0 0 0 0 -0.0609918019223505 0 0 0 0 0
0 -0.0429939901799188 0 0 0 -0.0609918019223505 0 0 0 -0.131253054066912 0 -0.0362265827373251
0 0 0 0 0 0 0 0 0 0 0 0
0 -0.00814268261842912 0 0 0 0 0 0 0 0 0 0
-0.283170700870611 0 0 0 0 0 -0.131253054066912 0 0 0 0 0
0 0 0 0 0 0 0 0 0 0 0 0
-0.132949853973285 0 0 0 0 0 -0.0362265827373251 0 0 0 0 0
