1 0.713265130232981 0.474159926953848 0.296441068784462 0.319593417570089 -0.0219077772999354 0.0334764860073752 -0.0636372507159223 0.291342158555113 -0.105419465611341 0.434133644716719 0.0247191332469053
0.713265130232981 1 0.406501404011768 0.448462985513674 0.10695483012041 -0.0690882576831747 0.000583413045992715 -0.0616734700880912 0.041318034347287 -0.139407873087416 0.336629619470073 0.176355271040557
0.474159926953848 0.406501404011768 1 0.640437989936689 0.0911573597912112 -0.0525045156491249 0.2167868327217 0.0523045445105325 0.294967059871277 -0.0188405288362312 0.622205753214495 0.415197102684386
0.296441068784462 0.448462985513674 0.640437989936689 1 -0.0770013824961803 -0.0665663862438843 -0.0870476611722121 0.0522698105348379 0.162680545269768 -0.0163347211296161 0.314707362725493 0.478448856799481
0.319593417570089 0.10695483012041 0.0911573597912112 -0.0770013824961803 1 0.24813503110419 0.0626468815887345 0.0935643217330781 0.0358992038509882 0.243009744836467 0.0714092626447368 -0.102172078411606
-0.0219077772999354 -0.0690882576831747 -0.0525045156491249 -0.0665663862438843 0.24813503110419 1 0.0961594939459529 -0.0159842182506115 -0.275675505542424 -0.096130859190797 -0.0855310067600209 -0.00963414142795649
0.0334764860073752 0.000583413045992715 0.2167868327217 -0.0870476611722121 0.0626468815887345 0.0961594939459529 1 0.313589565634847 0.148679774292309 0.0698899539260351 0.192473745939715 0.183099189068644
-0.0636372507159223 -0.0616734700880912 0.0523045445105325 0.0522698105348379 0.0935643217330781 -0.0159842182506115 0.313589565634847 1 0.0340439659202588 0.0299397000452553 0.0793661469153969 0.0812510901591446
0.291342158555113 0.041318034347287 0.294967059871277 0.162680545269768 0.0358992038509882 -0.275675505542424 0.148679774292309 0.0340439659202588 1 0.164802843983574 0.346719212641022 0.116349866328079
-0.105419465611341 -0.139407873087416 -0.0188405288362312 -0.0163347211296161 0.243009744836467 -0.096130859190797 0.0698899539260351 0.0299397000452553 0.164802843983574 1 -0.118957954374826 -0.00946518211224047
0.434133644716719 0.336629619470073 0.622205753214495 0.314707362725493 0.0714092626447368 -0.0855310067600209 0.192473745939715 0.0793661469153969 0.346719212641022 -0.118957954374826 1 0.417718079958234
0.0247191332469053 0.176355271040557 0.415197102684386 0.478448856799481 -0.102172078411605 -0.00963414142795649 0.183099189068644 0.0812510901591445 0.116349866328079 -0.00946518211224048 0.417718079958234 1
