Inf 1.06103902602638 0.87170104968839 0.584006801152333 0.449133626010094 0.0423628089392187 0.241588612769991 0.116514015835046 0.54295054642054 0.0850408411870691 0.824098263423164 0.635294108325777
1.06103902602638 Inf 0.84630818077174 0.783433830979086 0.373859520119824 0.0274064215596356 0.304981050703107 0.178914813267801 0.428127358275803 0.336471421260487 0.604504199118867 0.859218309640937
0.87170104968839 0.84630818077174 Inf 1.38853155631971 0.498037938189494 0.133426467834644 0.291779035313606 0.0162484310146887 0.563550847310062 0.195747664125053 1.09392398482875 1.20737789416725
0.584006801152333 0.783433830979086 1.38853155631971 Inf 0.467131659881459 0.188369048355021 0.296587399990613 0 0.338032480620911 0.316128288895216 0.693852921467829 1.06297435821608
0.449133626010094 0.373859520119824 0.498037938189494 0.467131659881459 Inf 0.372970232655748 0.102703085933499 0 0.299567866472892 0.297355823424587 0.598590534511431 0.363623499267504
0.0423628089392187 0.0274064215596356 0.133426467834644 0.188369048355021 0.372970232655748 Inf 0.138354957657148 0.0194789765500225 0.285175663680339 0.263818801476832 0.25904321944878 0.229451123632611
0.241588612769991 0.304981050703107 0.291779035313606 0.296587399990613 0.102703085933499 0.138354957657148 Inf 0.374789910954804 0.0930749206019406 0.0221053866122295 0.234215256360225 0.158003929472824
0.116514015835046 0.178914813267801 0.0162484310146887 0 0 0.0194789765500225 0.374789910954804 Inf 0.0367021243784719 0.186024277619951 0.0355165492786056 0.117904663488697
0.54295054642054 0.428127358275803 0.563550847310062 0.338032480620911 0.299567866472892 0.285175663680339 0.0930749206019404 0.0367021243784719 Inf 0.190186107136722 0.745438573971387 0.57780133241812
0.0850408411870691 0.336471421260487 0.195747664125053 0.316128288895216 0.297355823424587 0.263818801476832 0.0221053866122295 0.186024277619951 0.190186107136722 Inf 0.11688997745037 0.447432970406489
0.824098263423164 0.604504199118867 1.09392398482875 0.693852921467829 0.598590534511431 0.25904321944878 0.234215256360225 0.0355165492786056 0.745438573971387 0.11688997745037 Inf 0.931465579161102
0.635294108325777 0.859218309640937 1.20737789416725 1.06297435821608 0.363623499267504 0.229451123632611 0.158003929472824 0.117904663488697 0.57780133241812 0.447432970406489 0.9314655791611 Inf
