Inf 1.08394672181188 0.292925666763867 0.0331748545125537 0.694230517457585 0.27367856615097 0.164786700558497 -0.13267343040488 0.702785574353084 0.0143392317208365 0.77258885294016 0.346648499733932
1.08394672181188 Inf 0.166357516079437 0.0738476790106359 0.359627535384789 0.0763133525968649 -0.0145348628178799 -0.174794231506457 0.281707196446869 -0.0230882766761528 0.357793771325964 0.379886355737224
0.292925666763867 0.166357516079437 Inf 1.27803167180783 0.641326614084073 0.744265823450313 0.345719543014361 0.378509115570786 0.388269250100937 0.270103791156423 0.425458157655332 0.240058031041103
0.0331748545125537 0.0738476790106359 1.27803167180783 Inf 0.452589212307306 0.671020180443257 0.322348359277771 0.447462798657627 0.0280612986579161 0.249415791069369 0.225138905641666 0.323427503062186
0.694230517457585 0.359627535384789 0.641326614084073 0.452589212307306 Inf 0.769055920743037 0.35888278148802 0.0950833989554711 0.704822599475437 0.303083291521849 1.2015613914629 0.58821107373516
0.27367856615097 0.0763133525968649 0.744265823450313 0.671020180443257 0.769055920743039 Inf 0.431296694331379 0.460106040725144 0.402830950545872 0.516531820818098 0.544227992184953 0.533458447977044
0.164786700558497 -0.0145348628178799 0.345719543014361 0.322348359277771 0.35888278148802 0.431296694331379 Inf 0.427574178056206 0.155212810421654 0.0897505584585137 0.253009679054709 0.157645838388005
-0.13267343040488 -0.174794231506457 0.378509115570786 0.447462798657627 0.0950833989554711 0.460106040725144 0.427574178056206 Inf -0.114141273400263 0.200121479865652 -0.0883225133618765 0.0335946966075112
0.702785574353084 0.281707196446869 0.388269250100937 0.0280612986579161 0.704822599475437 0.402830950545872 0.155212810421654 -0.114141273400263 Inf 0.458753737327265 0.885957952232562 0.231379997156419
0.0143392317208365 -0.0230882766761528 0.270103791156423 0.249415791069369 0.303083291521849 0.516531820818098 0.0897505584585139 0.200121479865652 0.458753737327265 Inf 0.427833512083987 0.545869280347386
0.77258885294016 0.357793771325964 0.425458157655332 0.225138905641666 1.2015613914629 0.544227992184953 0.253009679054709 -0.0883225133618765 0.885957952232562 0.427833512083987 Inf 0.683727005818863
0.346648499733932 0.379886355737224 0.240058031041103 0.323427503062186 0.58821107373516 0.533458447977044 0.157645838388005 0.0335946966075112 0.231379997156419 0.545869280347386 0.683727005818863 Inf
