Inf 0.802146888955458 0.342705388879793 0.142633483869822 0.44604422867937 0.127150273311863 0.198936467042979 0.418621662758565 0.648892961033172 0.177855236062262 0.209937994522876 0
0.802146888955458 Inf 0.30649174474797 0.226191253999733 0.534205911934799 0.384616353104857 0.20473324479945 0.333803126896577 0.487280581786543 0.499824618681075 0.268746240172379 0.147241984848573
0.342705388879793 0.30649174474797 Inf 1.31814701574773 0.562460987859734 0.577545804503355 0.238898964730518 0.277691951612374 0.446578023051493 0.549933559302679 0.636817630892599 0.697220451450791
0.142633483869822 0.226191253999733 1.31814701574773 Inf 0.318316903888585 0.606270227460408 0.359708356129819 0.27893104132543 0.169147167996594 0.607395456760181 0.338177769835838 0.807429127150958
0.44604422867937 0.534205911934799 0.562460987859734 0.318316903888585 Inf 0.494905016349262 0.199557379083252 0.318426169870078 0.700853100360852 0.582393927081353 0.679237555830714 0.428018723726807
0.127150273311863 0.384616353104857 0.577545804503355 0.606270227460408 0.494905016349262 Inf 0.394231075397996 0.300782741738101 0.322644890148405 0.83533964755166 0.559643566953733 0.950645804394777
0.198936467042979 0.20473324479945 0.238898964730518 0.359708356129819 0.199557379083252 0.394231075397996 Inf 0.305684889040862 0.194267417698819 0.179083623651691 0.005114128030039 0.191600240560237
0.418621662758565 0.333803126896577 0.277691951612374 0.27893104132543 0.318426169870078 0.300782741738101 0.305684889040862 Inf 0.235875903466848 0.249862025257939 0.0221351445431242 0.221128094421457
0.648892961033172 0.487280581786543 0.446578023051493 0.169147167996594 0.700853100360852 0.322644890148405 0.194267417698819 0.235875903466848 Inf 0.328844248804093 0.586330404143443 0.208201937248962
0.177855236062262 0.499824618681075 0.549933559302679 0.607395456760181 0.582393927081353 0.83533964755166 0.179083623651691 0.249862025257939 0.328844248804093 Inf 0.583216578746856 0.89821342058226
0.209937994522876 0.268746240172379 0.636817630892599 0.338177769835838 0.679237555830714 0.559643566953733 0.005114128030039 0.0221351445431242 0.586330404143443 0.583216578746856 Inf 0.747668801146653
0 0.147241984848573 0.697220451450791 0.807429127150958 0.428018723726807 0.950645804394777 0.191600240560237 0.221128094421457 0.208201937248962 0.89821342058226 0.747668801146653 Inf
