Inf 1.56218828917852 0.555885797705101 0.286598899758827 0.664867991109871 0.559881626498038 0.375634664687283 0.175862434223007 0.105187456970212 0.438377055099237 0.741483393382355 0.538941625205186
1.56218828917852 Inf 0.626277514516115 0.442147427071437 0.616154378482458 0.650186144805491 0.387517280114926 0.23787135515019 0.099666431164374 0.543494839951056 0.737989626630733 0.714758250891346
0.555885797705101 0.626277514516115 Inf 1.28427725035684 0.502236756958138 0.447141730424821 0.149854968919683 0.226572731470613 0.115968924973229 0.512613295787688 0.869552095904914 0.819695510881057
0.286598899758827 0.442147427071437 1.28427725035684 Inf 0.43191190170966 0.426133435423454 0.0916329709359926 0.271005800620492 0 0.517050788406153 0.614088388483579 1.03971029167378
0.664867991109871 0.616154378482458 0.502236756958138 0.43191190170966 Inf 0.642318478460556 0.420245565294218 0.240178715363939 0.141329950069585 0.365637626102477 0.752347514474578 0.649564118541788
0.559881626498038 0.650186144805491 0.447141730424821 0.426133435423454 0.642318478460556 Inf 0.360783384108447 0.22144867161541 0.11872047800954 0.480762498917263 0.472421505629284 0.516795871121441
0.375634664687283 0.387517280114926 0.149854968919683 0.0916329709359926 0.420245565294218 0.360783384108447 Inf 0.581438927583014 0.15022801885765 0.377314769002579 0.417992097336065 0.328840367320707
0.175862434223007 0.23787135515019 0.226572731470613 0.271005800620492 0.240178715363939 0.22144867161541 0.581438927583014 Inf 0.00701759447219857 0.373807555556449 0.380528257587522 0.397779127894502
0.105187456970212 0.099666431164374 0.115968924973229 0 0.141329950069585 0.11872047800954 0.15022801885765 0.00701759447219857 Inf 0.310980415155219 0.479852948447213 0.0165412927552793
0.438377055099236 0.543494839951056 0.512613295787688 0.517050788406153 0.365637626102477 0.480762498917263 0.377314769002579 0.373807555556449 0.310980415155218 Inf 0.523516599549864 0.69229814712924
0.741483393382355 0.737989626630733 0.869552095904914 0.614088388483579 0.752347514474578 0.472421505629284 0.417992097336065 0.380528257587522 0.479852948447213 0.523516599549864 Inf 0.866574679804986
0.538941625205186 0.714758250891346 0.819695510881057 1.03971029167378 0.64956411854179 0.516795871121441 0.328840367320707 0.397779127894502 0.0165412927552793 0.69229814712924 0.866574679804986 Inf
