0 0 0 0 0 0 0 0 0 0 0 0
0 0 0 0 0 0 0 0 0 0 0 0
0 0 0 0 0 0 0 0 0 0 0 0
0 0 0 0 0 0 0 0 0 0 0 0
0 0 0 0 0 0 0 0 0 0 0 0
0 0 0 0 0 0 -0.011495067571379 0 0 0 0 0
0 0 0 0 0 -0.011495067571379 0 0 0 0 -0.0534467395091072 -0.0189553697284618
0 0 0 0 0 0 0 0 -0.0504088805720719 0 -0.0472119222522532 -0.0196989011990537
0 0 0 0 0 0 0 -0.0504088805720719 0 0 0 0
0 0 0 0 0 0 0 0 0 0 -0.153237019055912 0
0 0 0 0 0 0 -0.0534467395091072 -0.0472119222522532 0 -0.153237019055912 0 0
0 0 0 0 0 0 -0.0189553697284618 -0.0196989011990537 0 0 0 0
