0 0 0 -0.0802358172001088 0 0 0 0 0 0 0 0
0 0 0 0 0 0 0 0 0 0 0 0
0 0 0 0 0 0 0 -0.00325865942197195 0 0 0 0
-0.0802358172001088 0 0 0 0 0 -0.0114967650538106 -0.0822303933126217 0 0 0 0
0 0 0 0 0 0 -0.0797589806247502 0 0 0 0 0
0 0 0 0 0 0 0 0 0 0 0 0
0 0 0 -0.0114967650538106 -0.0797589806247502 0 0 0 -0.0491676204165935 0 0 0
0 0 -0.00325865942197195 -0.0822303933126217 0 0 0 0 0 0 0 0
0 0 0 0 0 0 -0.0491676204165934 0 0 0 0 0
0 0 0 0 0 0 0 0 0 0 0 0
0 0 0 0 0 0 0 0 0 0 0 0
0 0 0 0 0 0 0 0 0 0 0 0
