1 0.827367704414736 0.0864708467463997 0.0558104939191769 0.272336929876523 0.368614681712726 0 0 0.29099493217314 0.411375382017726 0.260189757880889 0
0.827367704414736 1 0.339255646309622 0.374790382270506 0.249681507543225 0.527175304263704 0 0 0.274292288477121 0.613297200399839 0.290816521290424 0.0827524309178399
0.0864708467463997 0.339255646309622 1 0.799845412920436 0.138772721093299 0.34498650741641 0.399137337682263 0.277908414730994 0.389971372136096 0.361116677465983 0.538652957699832 0.349363814944084
0.0558104939191769 0.374790382270506 0.799845412920436 1 0 0.381993403234984 0.363893751354699 0.294903633310167 0.118523696687053 0.360240068488732 0.279874352206396 0.514744375729618
0.272336929876523 0.249681507543225 0.138772721093299 0 1 0.209953312184591 0.0663256581597938 0.0301051871234358 0.412168035382652 0.212549893733227 0.382789263135533 0.00299420805304849
0.368614681712726 0.527175304263704 0.34498650741641 0.381993403234984 0.209953312184591 1 0.099767063886865 0.171198139224414 0.36107760877933 0.638427424767604 0.473464700136786 0.320048115522632
0 0 0.399137337682263 0.363893751354699 0.0663256581597938 0.099767063886865 1 0.294954279399054 0.151089658259702 0 0.0435748354918082 0.215345093555649
0 0 0.277908414730994 0.294903633310167 0.0301051871234358 0.171198139224414 0.294954279399054 1 0 0.0356653125066096 0.00207615725013556 0.157720646401216
0.29099493217314 0.274292288477121 0.389971372136096 0.118523696687053 0.412168035382652 0.36107760877933 0.151089658259702 0 1 0.581537717372763 0.704317692956516 0.328402799539848
0.411375382017726 0.613297200399839 0.361116677465983 0.360240068488732 0.212549893733227 0.638427424767604 0 0.0356653125066096 0.581537717372763 1 0.501701525339115 0.38354424775703
0.260189757880889 0.290816521290424 0.538652957699832 0.279874352206396 0.382789263135532 0.473464700136786 0.0435748354918082 0.00207615725013556 0.704317692956516 0.501701525339115 1 0.315862176995161
0 0.0827524309178399 0.349363814944084 0.514744375729617 0.00299420805304849 0.320048115522632 0.215345093555649 0.157720646401216 0.328402799539848 0.38354424775703 0.315862176995161 1
