Inf 1.38192083607473 0.715525574623376 0.551300891784535 0.0594804991810803 0.451040786635754 0.0684889864407462 0.262272599124623 0.156015377427176 0.309013033659214 0.413379570236677 -0.0091098868420587
1.38192083607473 Inf 0.553502820014663 0.440343859787094 0.0231733277878799 0.400547730358252 0.117801827969587 0.268377246318973 -0.00240047806581604 0.294880941019158 0.405146062134933 0.0834441072645792
0.715525574623376 0.553502820014663 Inf 1.23231898614914 0.100224646686287 0.556372739647291 0.0184531520500099 0.201221563137654 0.417320093695911 0.253808803798237 0.712530575809226 0.363136442890794
0.551300891784535 0.440343859787094 1.23231898614913 Inf 0.00417047752935365 0.583393674527235 0.00208961376228014 0.108420638676548 0.364456255987463 0.283732532386529 0.425937191792043 0.410997892177241
0.0594804991810803 0.0231733277878799 0.100224646686287 0.00417047752935365 Inf 0.125340236400645 0.0321106693795308 0.0182855613704898 0.222735041633797 -0.0583439814557778 0.038263799781514 -0.124149830537336
0.451040786635754 0.400547730358252 0.556372739647291 0.583393674527235 0.125340236400645 Inf 0.114798202620043 0.0992179950230459 0.243192310355337 0.185424578126059 0.407722425394433 0.173803866115681
0.0684889864407462 0.117801827969587 0.0184531520500099 0.00208961376228014 0.0321106693795308 0.114798202620043 Inf 0.336628911081858 -0.034264619564042 0.174516755448192 0.261398555744585 0.183902220981445
0.262272599124623 0.268377246318973 0.201221563137654 0.108420638676548 0.0182855613704898 0.0992179950230459 0.336628911081858 Inf 0.0670357604494983 0.146582726687128 0.190463568906696 0.0845230442452377
0.156015377427176 -0.00240047806581604 0.417320093695911 0.364456255987463 0.222735041633797 0.243192310355337 -0.034264619564042 0.0670357604494983 Inf 0.0562544807627764 0.317296574808937 0.280953028676753
0.309013033659214 0.294880941019158 0.253808803798237 0.283732532386529 -0.0583439814557778 0.185424578126059 0.174516755448192 0.146582726687128 0.0562544807627764 Inf 0.260599556245355 0.155101594347764
0.413379570236677 0.405146062134933 0.712530575809226 0.425937191792043 0.038263799781514 0.407722425394433 0.261398555744585 0.190463568906696 0.317296574808937 0.260599556245355 Inf 0.559816983068098
-0.0091098868420587 0.0834441072645792 0.363136442890794 0.410997892177241 -0.124149830537336 0.173803866115681 0.183902220981445 0.0845230442452377 0.280953028676753 0.155101594347764 0.559816983068098 Inf
