Inf 1.75662454598353 0.876193068224407 0.678495009031198 0.53616572426366 0.185101114398653 0.420529503579365 0.609390341293122 0.91591677193762 0.397244316697484 0.326256884726679 0.292019735823875
1.75662454598353 Inf 0.8511183493372 0.773401281431724 0.377685339204806 0.197634611267052 0.402916814636495 0.555275107896587 0.723902118087675 0.473928106247852 0.211323377090988 0.276309369455845
0.876193068224407 0.8511183493372 Inf 1.67596033108602 0.635900638927331 0.181358868336998 0.326768924365585 0.754746775473937 1.05734838177753 0.634742441666341 0.640665430914852 0.693977140691736
0.678495009031198 0.773401281431724 1.67596033108602 Inf 0.49565492122472 0.236158171653488 0.226404306653396 0.673048210032711 0.781613424897274 0.740666299281909 0.565313143047311 0.729937506113644
0.53616572426366 0.377685339204806 0.635900638927331 0.49565492122472 Inf 0.264633687272465 0.24805885728696 0.517159701999113 0.827526290621226 0.38133699874239 0.574256937446613 0.52580173131818
0.185101114398653 0.197634611267052 0.181358868336998 0.236158171653488 0.264633687272465 Inf 0.145993547801333 0.247214623370182 0.314259344728008 0.471939245994807 0.263941713660988 0.37886311380426
0.420529503579365 0.402916814636495 0.326768924365585 0.226404306653396 0.24805885728696 0.145993547801333 Inf 0.572684300291493 0.374555244373629 0.125822988293252 -0.0960672421806615 -0.0289600595631031
0.609390341293122 0.555275107896587 0.754746775473937 0.673048210032711 0.517159701999113 0.247214623370182 0.572684300291493 Inf 0.765769180570274 0.566680232338116 0.218112943446614 0.418376293430985
0.91591677193762 0.723902118087675 1.05734838177753 0.781613424897274 0.827526290621226 0.314259344728008 0.374555244373629 0.765769180570274 Inf 0.729020431040957 0.685420723365721 0.624942931661111
0.397244316697484 0.473928106247852 0.634742441666341 0.740666299281909 0.38133699874239 0.471939245994807 0.125822988293252 0.566680232338116 0.729020431040957 Inf 0.451421481388933 0.846336631957894
0.326256884726679 0.211323377090988 0.640665430914852 0.565313143047311 0.574256937446613 0.263941713660988 -0.0960672421806615 0.218112943446614 0.685420723365721 0.451421481388933 Inf 1.18042625872109
0.292019735823875 0.276309369455845 0.693977140691736 0.729937506113644 0.52580173131818 0.37886311380426 -0.0289600595631031 0.418376293430985 0.624942931661111 0.846336631957894 1.18042625872109 Inf
