Inf 1.6244904474403 0.115492920650182 -0.0804086656998859 0.286628746219281 0.383340296016283 0.301734613501795 0.371103777698305 0.216876567187859 0.299360922052427 0.273865806418707 0.0478692091471705
1.6244904474403 Inf 0.177880787633724 0.0191889791082116 0.250764092381667 0.331641657268552 0.25141121407419 0.360781760152956 0.229775125432996 0.357231811920138 0.258657051910025 0.147670273020862
0.115492920650182 0.177880787633724 Inf 1.46055703602975 0.381291033521144 0.303888394103127 0.0756291944534111 -0.0032586709564628 0.778779083846775 0.425052757918698 0.734417649854241 0.674165699397908
-0.0804086656998859 0.0191889791082116 1.46055703602975 Inf 0.201566862697991 0.187790785976973 -0.0114972716246171 -0.0824164917733447 0.557755332756336 0.294546587291442 0.466394557238102 0.683122488331332
0.286628746219281 0.250764092381667 0.381291033521144 0.201566862697991 Inf 0.697816565255708 -0.0799287579050348 0.221588546111219 0.593768905748455 0.747363993086621 1.04590012382117 0.418367687304453
0.383340296016283 0.331641657268552 0.303888394103127 0.187790785976973 0.697816565255708 Inf 0.242112067438957 0.260724126564407 0.30120603221158 0.574112624913449 0.716681631892919 0.591109884948567
0.301734613501795 0.25141121407419 0.0756291944534111 -0.0114972716246171 -0.0799287579050348 0.242112067438957 Inf 0.300297549766407 -0.0492072981522524 0.133434455459013 0.162049437316618 0.0771399794527009
0.371103777698305 0.360781760152956 -0.0032586709564628 -0.0824164917733447 0.221588546111219 0.260724126564407 0.300297549766407 Inf 0.144359836999064 0.34477631570207 0.250634048306617 0.0625498114797563
0.216876567187859 0.229775125432996 0.778779083846775 0.557755332756336 0.593768905748455 0.30120603221158 -0.0492072981522523 0.144359836999064 Inf 0.627087986080119 0.778850302162307 0.55302370169373
0.299360922052427 0.357231811920138 0.425052757918698 0.294546587291442 0.747363993086621 0.574112624913449 0.133434455459013 0.34477631570207 0.627087986080119 Inf 0.975842489580924 0.545334343704108
0.273865806418707 0.258657051910025 0.734417649854241 0.466394557238102 1.04590012382117 0.716681631892919 0.162049437316618 0.250634048306617 0.778850302162307 0.975842489580924 Inf 0.854878815484281
0.0478692091471705 0.147670273020862 0.674165699397908 0.683122488331332 0.418367687304453 0.591109884948567 0.0771399794527009 0.0625498114797563 0.55302370169373 0.545334343704106 0.854878815484281 Inf
