1 0.800420036657948 0.639698075737804 0.412695515498666 0.638928327934936 0.469330520707926 0.349089454614855 0.162530160917142 0.497994139956314 0.265248228846433 0.691252970114264 0.513814848319557
0.800420036657948 1 0.55721458514905 0.415554774532646 0.405984921146213 0.435464768921931 0.31029563077217 0.23994596737463 0.295023185942996 0.483344583734861 0.605549341738072 0.648888506516064
0.639698075737804 0.55721458514905 1 0.910166661841944 0.595657088809798 0.607595057303843 0.635760610700366 0.474540615618928 0.44875117547005 0.357271327553943 0.715627602819706 0.649929868352154
0.412695515498666 0.415554774532646 0.910166661841944 1 0.474700904831638 0.584558601232244 0.62949189668883 0.478795356332401 0.309785745189327 0.383621000743854 0.589610916218519 0.617550842332428
0.638928327934936 0.405984921146213 0.595657088809798 0.474700904831638 1 0.611437146754645 0.446406034556293 0.198159047708763 0.587780526156395 0.302448296065794 0.697347516801064 0.545377474565083
0.469330520707926 0.435464768921931 0.607595057303843 0.584558601232244 0.611437146754645 1 0.516772743621703 0.43150708127922 0.507272528426514 0.479076271993101 0.630682660452843 0.616836715008841
0.349089454614855 0.31029563077217 0.635760610700366 0.62949189668883 0.446406034556293 0.516772743621703 1 0.353516457403441 0.304672145057606 0.300457675806919 0.455552719137789 0.445139265889115
0.162530160917142 0.23994596737463 0.474540615618928 0.478795356332401 0.198159047708763 0.43150708127922 0.353516457403441 1 0.334294875382542 0.36048455408007 0.397786575383624 0.439865836065045
0.497994139956314 0.295023185942996 0.44875117547005 0.309785745189327 0.587780526156395 0.507272528426514 0.304672145057606 0.334294875382542 1 0.294918736073021 0.719618002669934 0.365040168731946
0.265248228846433 0.483344583734861 0.357271327553943 0.383621000743854 0.302448296065794 0.479076271993101 0.300457675806919 0.36048455408007 0.294918736073021 1 0.501572397547705 0.790178414638702
0.691252970114264 0.605549341738072 0.715627602819706 0.589610916218519 0.697347516801063 0.630682660452843 0.455552719137789 0.397786575383624 0.719618002669935 0.501572397547704 1 0.75317663929583
0.513814848319557 0.648888506516064 0.649929868352154 0.617550842332428 0.545377474565083 0.616836715008841 0.445139265889115 0.439865836065045 0.365040168731946 0.790178414638702 0.75317663929583 1
