0 0 0 0 0 0 -0.0196470519825298 0 0 0 0 0
0 0 0 0 0 0 0 0 0 0 0 0
0 0 0 0 0 0 -0.107879173764494 0 0 0 0 0
0 0 0 0 0 0 -0.0639023526767732 0 0 0 0 0
0 0 0 0 0 0 0 0 0 0 0 0
0 0 0 0 0 0 0 0 0 0 0 0
-0.0196470519825298 0 -0.107879173764494 -0.0639023526767732 0 0 0 0 -0.0431745094761539 0 -0.0286024629121073 -0.0881393334687778
0 0 0 0 0 0 0 0 -0.00709455661805505 0 0 0
0 0 0 0 0 0 -0.0431745094761539 -0.00709455661805505 0 0 0 0
0 0 0 0 0 0 0 0 0 0 0 0
0 0 0 0 0 0 -0.0286024629121073 0 0 0 0 0
0 0 0 0 0 0 -0.0881393334687778 0 0 0 0 0
