Inf 1.105856132495 0.564209608726665 0.339023068190496 0.1214341263775 0.217750020615609 0.165416420499057 0.155114885212322 0.438272290025801 -0.0176677725309348 0.120763917102369 -0.00820806064456052
1.105856132495 Inf 0.643822034201262 0.575133004784338 0.226828629097746 0.393186181576386 0.212999604139185 0.298555086240057 0.455274655021707 0.331293112931466 0.159861597815237 0.299500890945062
0.564209608726665 0.643822034201262 Inf 1.44214209157584 0.0909593032181518 0.198991146924945 0.206528431790319 0.39371433056117 0.829184787037355 0.351900869291141 0.780682066432033 0.671785230502131
0.339023068190496 0.575133004784338 1.44214209157584 Inf 0.0287361374570598 0.157717084181602 0.157722459309651 0.428011986985002 0.638470607686364 0.556884467406034 0.71154736485845 0.9294468850513
0.1214341263775 0.226828629097746 0.0909593032181518 0.0287361374570598 Inf 0.227251783496617 -0.0634911876005644 0.0151300429867897 0.00295343384100022 0.00877923382309873 0.234398130245685 0.11262543876761
0.217750020615609 0.393186181576386 0.198991146924945 0.157717084181602 0.227251783496617 Inf 0.166930309881051 0.145286694539701 0.137344854185311 0.0265115711529599 0.152817030959705 0.115000360728418
0.165416420499057 0.212999604139185 0.206528431790319 0.157722459309651 -0.0634911876005644 0.166930309881051 Inf 0.378130791032736 0.206835069387684 0.0356067921136978 0.0231719705439039 0.150239173659243
0.155114885212322 0.298555086240057 0.39371433056117 0.428011986985002 0.0151300429867897 0.145286694539701 0.378130791032736 Inf 0.278881521463171 0.224328740274719 0.291891461709324 0.497693247633988
0.438272290025801 0.455274655021707 0.829184787037355 0.638470607686364 0.00295343384100022 0.137344854185311 0.206835069387684 0.278881521463171 Inf 0.378039419156985 0.6104224758298 0.504729688589429
-0.0176677725309348 0.331293112931466 0.351900869291141 0.556884467406034 0.00877923382309873 0.0265115711529599 0.0356067921136978 0.224328740274719 0.378039419156985 Inf 0.232329805792925 0.769953599074908
0.120763917102369 0.159861597815237 0.780682066432033 0.71154736485845 0.234398130245685 0.152817030959704 0.0231719705439039 0.291891461709324 0.610422475829802 0.232329805792925 Inf 0.665028043195862
-0.00820806064456052 0.299500890945062 0.671785230502131 0.9294468850513 0.11262543876761 0.115000360728418 0.150239173659243 0.497693247633988 0.504729688589429 0.769953599074908 0.665028043195862 Inf
