Inf 0.824880255989556 0.530975541965186 0.451796722738028 0 0.145794165087185 0.323160480687317 0.346215473658222 0.372611405564679 0.359685618072132 0.246923252815066 0.161063411545451
0.824880255989556 Inf 0.471950874971186 0.764571590306875 0 0.510108385548281 0.3101852677073 0.358588013291188 0.279550718438465 0.910400661161315 0.197681808274173 0.669914796372827
0.530975541965186 0.471950874971186 Inf 1.26475302754173 0.00150167779519066 0.476501216251441 0.392932594476178 0.553358136402541 0.305972113927711 0.382851807429923 0.543903288778751 0.404345460840145
0.451796722738028 0.764571590306875 1.26475302754173 Inf 0 0.650427534018522 0.382339631720299 0.523972233252127 0.206341312244922 0.756449752481099 0.391908915535162 0.739014599110234
0 0 0.00150167779519066 0 Inf 0.195047306832455 0 0.0429722254527388 0 0 0.177555416025637 0
0.145794165087185 0.510108385548281 0.476501216251441 0.650427534018522 0.195047306832455 Inf 0.276365434998552 0.56475499549137 0.336192130826015 0.836138947268589 0.538746806874161 0.856894482113576
0.323160480687317 0.3101852677073 0.392932594476178 0.382339631720299 0 0.276365434998552 Inf 0.671887069525662 0.135958738157432 0.254516760232124 0.145579860032081 0.136237767354113
0.346215473658222 0.358588013291188 0.553358136402541 0.523972233252127 0.0429722254527388 0.56475499549137 0.671887069525662 Inf 0.171184917244169 0.356920105124987 0.299989995538432 0.333527373385
0.372611405564679 0.279550718438465 0.305972113927711 0.206341312244922 0 0.336192130826015 0.135958738157432 0.171184917244169 Inf 0.562830866203956 0.961686665856814 0.575168925631906
0.359685618072132 0.910400661161315 0.382851807429924 0.756449752481099 0 0.836138947268589 0.254516760232124 0.356920105124987 0.562830866203956 Inf 0.466155365793377 1.32616733588872
0.246923252815066 0.197681808274173 0.543903288778751 0.391908915535162 0.177555416025637 0.538746806874161 0.145579860032081 0.299989995538432 0.961686665856814 0.466155365793377 Inf 0.692132262014256
0.161063411545451 0.669914796372827 0.404345460840145 0.739014599110234 0 0.856894482113575 0.136237767354113 0.333527373385 0.575168925631906 1.32616733588872 0.692132262014256 Inf
