Inf 1.04093948569076 0.374083263273338 0.0285389867141029 0.615426590137082 0.440260857211553 0.0483989896206938 0.0974110339370088 0.697937239885176 0.307422946250233 0.780412432578828 0.509190794336907
1.04093948569076 Inf 0.494408349771309 0.387860367119415 0.643506226580327 0.654474627867845 0.103703450549623 0.278135047513233 0.792792884740994 0.610446837846326 0.708014943038283 0.782020352197364
0.374083263273338 0.494408349771309 Inf 1.10916666871958 0.752900935762583 0.855844352002393 0.305605962976016 0.45755957992519 0.651237537902021 0.378681022365898 0.793382697334226 0.974137377900688
0.0285389867141029 0.387860367119415 1.10916666871958 Inf 0.456504719454735 0.884207069763608 0.337930001994459 0.542466418024528 0.426927101026416 0.501410916216635 0.34874034986555 0.766958192918256
0.615426590137082 0.643506226580327 0.752900935762583 0.456504719454735 Inf 0.750880072833256 0.169468568619916 0.282305760089635 0.747717820645132 0.399728817500591 0.885331629305023 0.796120338040258
0.440260857211553 0.654474627867845 0.855844352002393 0.884207069763608 0.750880072833256 Inf 0.28851967318017 0.458899282061378 0.747805789215015 0.630152488926547 0.597738954113061 0.946685028390974
0.0483989896206938 0.103703450549623 0.305605962976016 0.337930001994459 0.169468568619916 0.28851967318017 Inf 0.239016495886015 0.161516286107495 0.134491885276944 0.15054833504603 0.166746130380196
0.0974110339370088 0.278135047513233 0.45755957992519 0.542466418024528 0.282305760089635 0.458899282061378 0.239016495886015 Inf 0.383327650183294 0.511161621430907 0.285682227291209 0.480026408395453
0.697937239885176 0.792792884740994 0.651237537902021 0.426927101026416 0.747717820645132 0.747805789215015 0.161516286107495 0.383327650183294 Inf 0.694008371827866 1.2071724863205 0.831874726718869
0.307422946250233 0.610446837846326 0.378681022365898 0.501410916216635 0.399728817500591 0.630152488926547 0.134491885276944 0.511161621430907 0.694008371827866 Inf 0.399220684212396 0.507065858219182
0.780412432578828 0.708014943038283 0.793382697334226 0.34874034986555 0.885331629305023 0.597738954113061 0.15054833504603 0.285682227291209 1.2071724863205 0.399220684212396 Inf 0.894075688161946
0.509190794336907 0.782020352197364 0.974137377900688 0.766958192918256 0.796120338040258 0.946685028390974 0.166746130380196 0.480026408395453 0.831874726718869 0.507065858219182 0.894075688161946 Inf
