0 0 0 0 0 0 0 -0.183173196894037 0 0 0 0
0 0 0 0 0 0 -0.0567640380003059 -0.128537850737062 0 0 0 0
0 0 0 0 0 0 -0.057939639239757 -0.107994241686615 0 0 0 0
0 0 0 0 0 0 -0.178313712925526 -0.131656738269345 0 0 0 0
0 0 0 0 0 0 -0.0340228706050555 -0.255878354253255 0 0 0 0
0 0 0 0 0 0 0 0 0 0 0 0
0 -0.0567640380003059 -0.057939639239757 -0.178313712925526 -0.0340228706050555 0 0 0 -0.0133006244910217 -0.108638919575701 -0.207965496990721 -0.175454106022471
-0.183173196894037 -0.128537850737062 -0.107994241686615 -0.131656738269345 -0.255878354253255 0 0 0 -0.116204366681502 -0.10002903772795 -0.307171465557871 -0.227604615830505
0 0 0 0 0 0 -0.0133006244910217 -0.116204366681502 0 0 0 0
0 0 0 0 0 0 -0.108638919575701 -0.10002903772795 0 0 0 0
0 0 0 0 0 0 -0.207965496990721 -0.307171465557871 0 0 0 0
0 0 0 0 0 0 -0.175454106022471 -0.227604615830505 0 0 0 0
