Inf 0.897210834422262 0.463519008556555 0 0.353371896995026 0.165108517845227 0.222546257818347 0 0.317943556897578 0.138915162955703 0.368840835397668 0.17319727918113
0.897210834422262 Inf 0.362937477033956 0.0973230913841944 0.211115649924336 0.0875712070130055 0.0959988063829011 0.154606947585344 0.113958486383573 0.267637810570476 0.243505941960792 0.269140969726322
0.463519008556555 0.362937477033956 Inf 0.7939656988389 0.583574201168447 0.50745637783129 0.205978330387475 0 0.458033028085654 0.532877630894597 0.569568508819056 0.642586515934682
0 0.0973230913841944 0.7939656988389 Inf 0.157148005859748 0.434707900772623 0.120031452715255 0.0316902005671271 0.0250093981861996 0.475423856682011 0.157690566712405 0.484923305761199
0.353371896995026 0.211115649924336 0.583574201168447 0.157148005859748 Inf 0.515556302662112 0 0 0.67231303227873 0.473268405528747 1.05739779182259 0.519796144889754
0.165108517845227 0.0875712070130055 0.50745637783129 0.434707900772623 0.515556302662112 Inf 0.0560029305709029 0 0.253258468881689 0.33870386462347 0.387839570008835 0.500682609357399
0.222546257818347 0.0959988063829011 0.205978330387475 0.120031452715255 0 0.0560029305709029 Inf 0.16348361473356 0 0 0 0
0 0.154606947585344 0 0.0316902005671271 0 0 0.16348361473356 Inf 0 0 0 0
0.317943556897578 0.113958486383573 0.458033028085654 0.0250093981861996 0.67231303227873 0.253258468881689 0 0 Inf 0.434220242642317 0.795514796864524 0.531578899550507
0.138915162955703 0.267637810570476 0.532877630894597 0.475423856682011 0.473268405528747 0.33870386462347 0 0 0.434220242642317 Inf 0.618588914626889 0.589782396989419
0.368840835397668 0.243505941960792 0.569568508819056 0.157690566712405 1.05739779182259 0.387839570008835 0 0 0.795514796864524 0.618588914626889 Inf 0.762386176415564
0.17319727918113 0.269140969726322 0.642586515934682 0.484923305761199 0.519796144889754 0.500682609357399 0 0 0.531578899550507 0.589782396989419 0.762386176415564 Inf
