0 0 0 0 0 0 -0.105016972933469 0 0 0 0 0
0 0 0 0 0 0 -0.0828239594903493 0 0 0 0 0
0 0 0 0 0 0 -0.149077415840458 0 0 0 0 0
0 0 0 0 0 0 -0.179681984098396 0 0 0 0 0
0 0 0 0 0 0 0 0 0 0 0 0
0 0 0 0 0 0 0 0 0 0 0 0
-0.105016972933469 -0.0828239594903493 -0.149077415840458 -0.179681984098396 0 0 0 0 -0.114301686431672 -0.159369736772694 -0.0818719735301957 -0.1902592995452
0 0 0 0 0 0 0 0 0 0 0 0
0 0 0 0 0 0 -0.114301686431672 0 0 0 0 0
0 0 0 0 0 0 -0.159369736772694 0 0 0 0 0
0 0 0 0 0 0 -0.0818719735301957 0 0 0 0 0
0 0 0 0 0 0 -0.1902592995452 0 0 0 0 0
