Inf 0.839573186319351 0.731165111531989 0.239809155992842 0.486673487794911 0.434578294769687 0.230813578096225 0.241897564966825 0.895778830371213 0.467663352420038 0.500706147872342 0.347515536625021
0.839573186319351 Inf 0.472749536594702 0.371658028920979 0.245246035041489 0.521454962461135 0.129048853136475 0.246682515052771 0.318294842469369 0.592987114706729 0.180520052852826 0.492346503488578
0.731165111531989 0.472749536594702 Inf 0.990795000668533 0.569943340439259 0.650047259074816 0.44094463675562 0.458981939774858 0.781776610187519 0.583233886819452 0.665346769466388 0.825503926198065
0.239809155992842 0.371658028920979 0.990795000668533 Inf 0.326553591090462 0.573101434516615 0.247356394493994 0.425176173103861 0.308996201037149 0.552351530135616 0.373834051015927 0.990543035195856
0.486673487794911 0.245246035041489 0.569943340439259 0.326553591090462 Inf 0.903169967596308 0.274198989624832 0.2310238520272 0.83492539221404 0.461183288838052 1.1061580520858 0.695391881613003
0.434578294769687 0.521454962461135 0.650047259074816 0.573101434516615 0.903169967596308 Inf 0.339011230937609 0.464989588912806 0.635275764407629 0.775588801690246 0.774956610321976 1.03553110620741
0.230813578096225 0.129048853136475 0.44094463675562 0.247356394493994 0.274198989624832 0.339011230937609 Inf 0.495760485401496 0.426620426537706 0.230527377699665 0.213307797292737 0.305545698536441
0.241897564966825 0.246682515052772 0.458981939774858 0.425176173103861 0.2310238520272 0.464989588912806 0.495760485401495 Inf 0.365982642780721 0.487138113927535 0.12199244512908 0.384830295218749
0.895778830371213 0.318294842469369 0.781776610187519 0.308996201037149 0.83492539221404 0.635275764407629 0.426620426537706 0.365982642780721 Inf 0.639420174466082 0.862611665896635 0.56224120388548
0.467663352420038 0.592987114706729 0.583233886819452 0.552351530135616 0.461183288838052 0.775588801690246 0.230527377699665 0.487138113927535 0.639420174466082 Inf 0.427610084355637 0.789487309269156
0.500706147872342 0.180520052852826 0.665346769466388 0.373834051015927 1.1061580520858 0.774956610321976 0.213307797292737 0.12199244512908 0.862611665896635 0.427610084355637 Inf 0.79393510450129
0.347515536625021 0.492346503488578 0.825503926198065 0.990543035195856 0.695391881613003 1.03553110620741 0.305545698536441 0.384830295218749 0.56224120388548 0.789487309269156 0.79393510450129 Inf
