Inf 0.756154456259779 0.444517312162541 0.345174876323376 0.19635216084076 0.0654004444847798 0.142365527987994 -0.413586548750299 0.207824368284476 0.364227274944686 0.246101928548145 0.215005149454379
0.756154456259779 Inf 0.593715548127782 0.517703949199296 0.218435431326312 0.139231340985805 0.110275087376203 -0.447420020800411 0.345868790004502 0.608860945934265 0.29391304843343 0.48751867119489
0.444517312162541 0.593715548127782 Inf 1.13337747634778 0.270658414408221 0.0819461552337213 0.20413188356921 -0.209919944184376 0.6861475242198 0.47104233789058 0.584140606496756 0.30361760937851
0.345174876323376 0.517703949199296 1.13337747634778 Inf 0.312380481108715 0.101827636066214 0.205392941860637 -0.085278660753734 0.413629873765105 0.443084345125559 0.322932937950202 0.374531787172138
0.19635216084076 0.218435431326312 0.270658414408221 0.312380481108715 Inf 0.365736430720229 0.0143500005905752 -0.284727686014215 0.289779788453734 0.219618190791609 0.198072674131302 0.0954912897954596
0.0654004444847798 0.139231340985805 0.0819461552337213 0.101827636066214 0.365736430720229 Inf -0.0841673708911396 -0.055116971577533 0.134090931632029 0.34121039416083 0.202972325587638 0.291384515287587
0.142365527987994 0.110275087376203 0.20413188356921 0.205392941860637 0.0143500005905752 -0.0841673708911396 Inf 0.0976580621325915 0.115492060652288 0.115508025508966 -0.0431089231951516 -0.103951473282926
-0.413586548750299 -0.447420020800411 -0.209919944184376 -0.085278660753734 -0.284727686014215 -0.055116971577533 0.0976580621325915 Inf -0.298514290527308 -0.217475104767996 -0.0703704794195236 -0.112786150930279
0.207824368284476 0.345868790004502 0.6861475242198 0.413629873765105 0.289779788453734 0.134090931632029 0.115492060652288 -0.298514290527308 Inf 0.611893092155453 0.427868038730675 0.275782213610919
0.364227274944686 0.608860945934265 0.47104233789058 0.443084345125559 0.219618190791608 0.34121039416083 0.115508025508966 -0.217475104767995 0.611893092155453 Inf 0.311986932493009 0.815838739227596
0.246101928548145 0.29391304843343 0.584140606496756 0.322932937950202 0.198072674131302 0.202972325587638 -0.0431089231951516 -0.0703704794195236 0.427868038730675 0.311986932493009 Inf 0.499167048379267
0.215005149454379 0.48751867119489 0.30361760937851 0.374531787172138 0.0954912897954596 0.291384515287587 -0.103951473282926 -0.112786150930279 0.275782213610919 0.815838739227596 0.499167048379267 Inf
