Inf 1.2878351663243 0.407484974167656 0.132965084288762 0.326992795492003 0.265611973877566 0.0112861997804228 0.032607736963124 0.200148068629451 0.0518112097131706 0.305258631804155 0.172215171835091
1.2878351663243 Inf 0.338105375687414 0.144974286373225 0.393667239866337 0.256170158986887 -0.0462376340986222 0.112086554459978 0.0850205404791754 0.178501940038934 0.186638627399934 0.221506094017254
0.407484974167656 0.338105375687414 Inf 0.979279130364337 0.288175308176378 0.251142068332392 0.34191161502594 0.321994780009352 0.594063519095373 0.139424073827791 0.95662040364175 0.51150065909184
0.132965084288762 0.144974286373225 0.979279130364337 Inf 0.0779304461316708 0.226073889591474 0.321322216739925 0.307959820420593 0.280331686920398 0.152087102999353 0.687222599241236 0.58185378411833
0.326992795492003 0.393667239866337 0.288175308176378 0.0779304461316708 Inf 0.0415680310896344 -0.0553692796032419 0.204640090707957 0.365897918209675 0.343343221624332 0.224234718826859 0.232086954616544
0.265611973877566 0.256170158986887 0.251142068332392 0.226073889591474 0.0415680310896344 Inf -0.00562548373461035 0.0669349242084511 0.0232348457735358 0.103672353952123 0.0520164013209399 0.148825558368931
0.0112861997804228 -0.0462376340986222 0.34191161502594 0.321322216739925 -0.0553692796032419 -0.00562548373461035 Inf 0.185663337445316 0.18953348511622 -0.182835102939678 0.395016256096239 0.0906468396374854
0.032607736963124 0.112086554459978 0.321994780009352 0.307959820420593 0.204640090707957 0.0669349242084511 0.185663337445316 Inf 0.206345808873795 -0.0908635204660448 0.205184812522975 0.0918036887818637
0.200148068629451 0.0850205404791754 0.594063519095373 0.280331686920398 0.365897918209675 0.0232348457735358 0.18953348511622 0.206345808873795 Inf 0.332218169488752 0.687538461003515 0.175883746249327
0.0518112097131706 0.178501940038934 0.139424073827791 0.152087102999353 0.343343221624332 0.103672353952123 -0.182835102939678 -0.0908635204660448 0.332218169488752 Inf 0.101320112843478 0.310709379526104
0.305258631804155 0.186638627399934 0.95662040364175 0.687222599241236 0.224234718826859 0.0520164013209399 0.395016256096239 0.205184812522975 0.687538461003515 0.101320112843478 Inf 0.643490187384705
0.172215171835091 0.221506094017254 0.51150065909184 0.58185378411833 0.232086954616544 0.148825558368931 0.0906468396374854 0.0918036887818637 0.175883746249327 0.310709379526104 0.643490187384705 Inf
