Inf 1.23121234234207 0.66647940244245 0.510942646996611 0.573562082657263 0.637441523958908 -0.0138840626497797 0.168131734291857 0.701263254278057 0.358259037230971 0.494366115605923 0.647948201441859
1.23121234234207 Inf 0.541141835366427 0.550362641178845 0.545661479533295 0.537142011192947 0.0896333228586436 0.318982084936668 0.51388759359299 0.454386888403054 0.322725927627236 0.582888449367001
0.66647940244245 0.541141835366427 Inf 1.12021458098647 0.554684224489059 0.551459598488852 -0.096414169216681 0.0772094368383619 0.561009556955128 0.334614749401495 0.789597593411158 0.680607963637758
0.510942646996611 0.550362641178845 1.12021458098647 Inf 0.594239872757983 0.525394395875182 0.174786656484286 0.306849185787676 0.190999492944378 0.0985229222685471 0.411690785532808 0.598857657808555
0.573562082657263 0.545661479533295 0.554684224489059 0.594239872757983 Inf 0.824701996638614 0.194106007242565 0.164650835150259 0.380038802228109 0.374633411705519 0.412045175196685 0.52095294278846
0.637441523958908 0.537142011192947 0.551459598488852 0.525394395875182 0.824701996638614 Inf 0.0286609246892419 0.110559303301529 0.494295718550571 0.520900412212469 0.459564079634847 0.432062121862156
-0.0138840626497797 0.0896333228586436 -0.096414169216681 0.174786656484286 0.194106007242565 0.0286609246892419 Inf 0.631362183538149 -0.228636467176746 -0.131297300662125 -0.17927971678326 -0.183189411900275
0.168131734291857 0.318982084936668 0.0772094368383619 0.306849185787676 0.164650835150259 0.110559303301529 0.631362183538149 Inf -0.0919950418011065 -0.109801975435708 -0.0572080935645827 -0.00157252854902987
0.701263254278057 0.51388759359299 0.561009556955128 0.190999492944378 0.380038802228109 0.494295718550571 -0.228636467176746 -0.0919950418011065 Inf 0.67876783369928 0.774895945906992 0.573523658004783
0.358259037230971 0.454386888403054 0.334614749401495 0.0985229222685471 0.374633411705519 0.520900412212468 -0.131297300662125 -0.109801975435708 0.67876783369928 Inf 0.357659948745755 0.283539321420091
0.494366115605923 0.322725927627236 0.789597593411158 0.411690785532808 0.412045175196685 0.459564079634847 -0.17927971678326 -0.0572080935645827 0.774895945906992 0.357659948745755 Inf 0.532244702714652
0.647948201441859 0.582888449367001 0.680607963637758 0.598857657808555 0.52095294278846 0.432062121862156 -0.183189411900275 -0.00157252854902987 0.573523658004783 0.283539321420091 0.532244702714652 Inf
