0 0 0 -0.150163302431781 0 0 0 0 0 -0.18129394602505 0 -0.368328944966663
0 0 0 0 -0.12806943794718 0 0 0 -0.139525020716515 -0.0779362605370657 -0.124490900567022 -0.284128536480004
0 0 0 0 0 0 0 0 0 0 0 0
-0.150163302431781 0 0 0 -0.149515501418423 0 0 0 0 0 0 0
0 -0.12806943794718 0 -0.149515501418423 0 0 0 0 0 0 0 0
0 0 0 0 0 0 -0.0267304835846997 0 0 0 0 0
0 0 0 0 0 -0.0267304835846997 0 0 0 -0.372156764974258 0 -0.262839195112611
0 0 0 0 0 0 0 0 0 0 0 0
0 -0.139525020716515 0 0 0 0 0 0 0 0 0 0
-0.18129394602505 -0.0779362605370657 0 0 0 0 -0.372156764974258 0 0 0 0 0
0 -0.124490900567022 0 0 0 0 0 0 0 0 0 0
-0.368328944966663 -0.284128536480004 0 0 0 0 -0.262839195112611 0 0 0 0 0
