0 0 0 0 0 0 0.0476340403756022 0 0 0 0 0
0 0 0 0 0 0 0.0735409791325572 0 0 0 0 0
0 0 0 0 0 0 0.329462306047951 0 0 0 0 0
0 0 0 0 0 0 0.405587508216607 0 0 0 0 0
0 0 0 0 0 0 0 0 0 0 0 0
0 0 0 0 0 0 0.0437323306929708 0 0 0 0 0
0.0476340403756022 0.0735409791325572 0.329462306047951 0.405587508216607 0 0.0437323306929708 0 0 0.0147847650204835 0.163256984436909 0.0517735176592647 0.11110695250478
0 0 0 0 0 0 0 0 0 0 0 0
0 0 0 0 0 0 0.0147847650204835 0 0 0 0 0
0 0 0 0 0 0 0.163256984436909 0 0 0 0 0
0 0 0 0 0 0 0.0517735176592646 0 0 0 0 0
0 0 0 0 0 0 0.11110695250478 0 0 0 0 0
