Inf 1.74620825772954 1.06882630481498 0.728713855630413 0.778296454342334 0.747898452206159 0.516611024568995 0.486079075860643 1.09938582771569 0.750314970651555 0.997196459413765 0.97059744484797
1.74620825772954 Inf 0.979630963162732 0.792244181823608 0.765930164621121 0.756094797889276 0.417172238712313 0.381762204146088 0.881645667470534 0.834100758513838 0.816707226566565 0.976169010824045
1.06882630481498 0.979630963162732 Inf 1.50849433822615 0.601192141512659 0.742128524939697 0.393774128658913 0.433656340155295 0.97918288030848 0.631003080483304 1.105443541829 0.991347423288438
0.728713855630413 0.792244181823608 1.50849433822615 Inf 0.51338231720058 0.75215944089749 0.217950174451377 0.254156330958343 0.619381631042878 0.622430040248816 0.692609618298155 0.834304974038351
0.778296454342334 0.765930164621121 0.601192141512659 0.51338231720058 Inf 1.04694768235833 0.453898683524195 0.512052433692914 0.742591810646248 0.68556270548418 0.708382948367991 0.661338361375678
0.747898452206159 0.756094797889276 0.742128524939697 0.75215944089749 1.04694768235833 Inf 0.44161364799833 0.418880580733292 0.767882065062076 0.77479071603282 0.614710416416409 0.680419870724448
0.516611024568995 0.417172238712314 0.393774128658913 0.217950174451377 0.453898683524195 0.44161364799833 Inf 0.948361803250712 0.696814919279081 0.442278815220913 0.616999700543837 0.556133616804145
0.486079075860643 0.381762204146088 0.433656340155295 0.254156330958343 0.512052433692914 0.418880580733292 0.948361803250712 Inf 0.740154292132181 0.462249646866924 0.712926217345208 0.532718524647334
1.09938582771569 0.881645667470534 0.97918288030848 0.619381631042878 0.742591810646248 0.767882065062076 0.696814919279081 0.740154292132181 Inf 0.817264916302131 1.44597638021368 1.09438625897
0.750314970651555 0.834100758513838 0.631003080483304 0.622430040248816 0.68556270548418 0.77479071603282 0.442278815220913 0.462249646866924 0.817264916302131 Inf 0.608122663398352 0.892351434121509
0.997196459413765 0.816707226566565 1.105443541829 0.692609618298155 0.708382948367991 0.614710416416409 0.616999700543837 0.712926217345208 1.44597638021368 0.608122663398352 Inf 1.23749484551136
0.97059744484797 0.976169010824045 0.991347423288438 0.834304974038351 0.661338361375678 0.680419870724448 0.556133616804145 0.532718524647335 1.09438625897 0.892351434121509 1.23749484551136 Inf
