0 0 0 0 -0.00532811937121976 0 0 0 0 -0.180679507738259 0 0
0 0 0 0 0 0 0 0 0 0 0 0
0 0 0 0 0 0 -0.0706126879936371 0 0 0 0 0
0 0 0 0 0 0 0 0 0 0 0 0
-0.00532811937121976 0 0 0 0 0 0 0 0 0 0 0
0 0 0 0 0 0 -0.15497289443368 0 0 -0.200637912697289 0 0
0 0 -0.0706126879936371 0 0 -0.15497289443368 0 0 -0.0477303722158089 0 -0.231228148999907 -0.0198915384905123
0 0 0 0 0 0 0 0 0 0 0 0
0 0 0 0 0 0 -0.0477303722158089 0 0 -0.0912284988189541 0 0
-0.180679507738258 0 0 0 0 -0.200637912697289 0 0 -0.0912284988189541 0 0 0
0 0 0 0 0 0 -0.231228148999907 0 0 0 0 0
0 0 0 0 0 0 -0.0198915384905123 0 0 0 0 0
