0 0 0 0 0 0 0 -0.0247002530439101 0 0 0 0
0 0 0 0 0 0 0 0 0 0 0 0
0 0 0 0 0 0 0 0 0 0 0 0
0 0 0 0 0 0 -0.132708304033288 0 -0.0110231526861042 0 0 0
0 0 0 0 0 0 0 0 0 0 0 0
0 0 0 0 0 0 0 0 -0.00901108545548556 0 0 0
0 0 0 -0.132708304033288 0 0 0 -0.08352621628412 0 0 0 -0.0329658337315273
-0.0247002530439101 0 0 0 0 0 -0.08352621628412 0 0 0 0 0
0 0 0 -0.0110231526861042 0 -0.00901108545548556 0 0 0 0 0 0
0 0 0 0 0 0 0 0 0 0 0 0
0 0 0 0 0 0 0 0 0 0 0 0
0 0 0 0 0 0 -0.0329658337315273 0 0 0 0 0
