0 0 0 0 0 0 0.288627642318805 0 0 0.217529151595984 0 0
0 0 0 0 0 0 0.366243656024688 0.0550860708369438 0 0 0.133517613093576 0
0 0 0 0 0 0 0 0 0 0 0 0
0 0 0 0 0 0 0 0 0 0 0 0
0 0 0 0 0 0 0.0466126822389194 0 0 0 0 0
0 0 0 0 0 0 0 0 0 0 0 0
0.288627642318805 0.366243656024687 0 0 0.0466126822389194 0 0 0 0 0 0 0.103427752280785
0 0.0550860708369438 0 0 0 0 0 0 0 0.137396324959062 0 0
0 0 0 0 0 0 0 0 0 0 0 0
0.217529151595984 0 0 0 0 0 0 0.137396324959062 0 0 0.0916134127334461 0
0 0.133517613093576 0 0 0 0 0 0 0 0.0916134127334461 0 0
0 0 0 0 0 0 0.103427752280785 0 0 0 0 0
