Inf 1.19856562845403 0.999810055401966 0.470939853125367 0.266759681764137 0.508837372304487 -0.0867969973227709 0.259121256667279 0.970835589601667 0.727554503752671 1.03627899223127 0.78056106880481
1.19856562845403 Inf 0.672896992253752 0.506450820774886 0.274737282540065 0.52967292500066 0.0105458613487378 0.241371834817508 0.625186210646262 0.900272002923338 0.740625736453764 0.930956167918472
0.999810055401966 0.672896992253752 Inf 0.963554207517396 0.428341260155316 0.520416163709455 -0.0286671609806324 0.206595507079135 0.850834681744673 0.626338886120838 1.03123643952109 0.844208772008594
0.470939853125367 0.506450820774886 0.963554207517396 Inf 0.468528708935914 0.414111535441984 -0.0760778250350783 0.0450142336155507 0.249164586165443 0.368305080739439 0.545696940913255 0.626640025144976
0.266759681764137 0.274737282540065 0.428341260155316 0.468528708935914 Inf 0.511686366877036 -0.0793237320521304 0.227435931384062 0.29419287211547 0.104256943459907 0.398792928515071 0.307645509476269
0.508837372304487 0.52967292500066 0.520416163709455 0.414111535441984 0.511686366877036 Inf 0.0307223535443376 0.1604581966634 0.541431287503828 0.504160816904242 0.529435966369689 0.745540008573169
-0.0867969973227709 0.0105458613487378 -0.0286671609806324 -0.0760778250350783 -0.0793237320521304 0.0307223535443376 Inf 0.54463255041489 0.0684429479011248 0.200168068900949 -0.0466051291724686 0.0462366217583062
0.259121256667279 0.241371834817508 0.206595507079135 0.0450142336155507 0.227435931384062 0.1604581966634 0.54463255041489 Inf 0.25523434219498 0.211375710591518 0.235862437005521 0.233573015136942
0.970835589601664 0.625186210646262 0.850834681744673 0.249164586165443 0.29419287211547 0.541431287503828 0.0684429479011248 0.25523434219498 Inf 0.67284479322471 1.07030203701611 0.686001135240811
0.727554503752671 0.900272002923338 0.626338886120838 0.368305080739439 0.104256943459907 0.504160816904242 0.200168068900949 0.211375710591518 0.67284479322471 Inf 0.677301926915427 0.948982092386108
1.03627899223127 0.740625736453762 1.03123643952109 0.545696940913255 0.398792928515071 0.529435966369689 -0.0466051291724686 0.235862437005521 1.07030203701611 0.677301926915427 Inf 0.879754768940271
0.78056106880481 0.930956167918472 0.844208772008594 0.626640025144976 0.307645509476269 0.745540008573169 0.0462366217583062 0.233573015136942 0.686001135240811 0.948982092386108 0.879754768940271 Inf
