0 0 0 0 0 0 0 0.413586548750299 0 0 0 0
0 0 0 0 0 0 0 0.447420020800411 0 0 0 0
0 0 0 0 0 0 0 0.209919944184376 0 0 0 0
0 0 0 0 0 0 0 0.085278660753734 0 0 0 0
0 0 0 0 0 0 0 0.284727686014215 0 0 0 0
0 0 0 0 0 0 0.0841673708911396 0.055116971577533 0 0 0 0
0 0 0 0 0 0.0841673708911396 0 0 0 0 0.0431089231951516 0.103951473282926
0.413586548750299 0.447420020800411 0.209919944184376 0.085278660753734 0.284727686014215 0.055116971577533 0 0 0.298514290527308 0.217475104767996 0.0703704794195236 0.112786150930279
0 0 0 0 0 0 0 0.298514290527308 0 0 0 0
0 0 0 0 0 0 0 0.217475104767995 0 0 0 0
0 0 0 0 0 0 0.0431089231951516 0.0703704794195236 0 0 0 0
0 0 0 0 0 0 0.103951473282926 0.112786150930279 0 0 0 0
