Inf 1.66541485286821 0.671100332351335 0.694758662154581 0.45754982239395 0.514702259368017 0.329763933880894 0.39487582965252 0.0167530392925264 0.782302075641455 0.505477551317353 0.64591489904887
1.66541485286821 Inf 0.780278679843528 0.843223429172018 0.422353887033388 0.632914011142413 0.311230271408934 0.441313759843783 -0.0316986702633414 0.89531504759965 0.490719057436051 0.770905581666536
0.671100332351334 0.780278679843528 Inf 1.70429293629683 0.339756083696276 0.665222393145526 0.355587342411325 0.423063170644973 0.129254035510428 0.963820656091198 0.736143959460197 0.993411388158672
0.694758662154581 0.843223429172018 1.70429293629683 Inf 0.382521786740002 0.728401064431039 0.375652479045199 0.524371750684355 0.0160349637407541 0.980938712775247 0.571398461557648 1.14382347861704
0.45754982239395 0.422353887033388 0.339756083696277 0.382521786740002 Inf 0.515156258522518 0.086145990916143 0.173278015807316 0.443796520474628 0.6408698516564 0.618585560802292 0.612326302483035
0.514702259368017 0.632914011142413 0.665222393145526 0.728401064431039 0.515156258522518 Inf 0.201620291078953 0.305271851205868 0.067484411811415 0.776413984160295 0.585282474542722 0.806251650068604
0.329763933880894 0.311230271408933 0.355587342411325 0.375652479045199 0.086145990916143 0.201620291078953 Inf 0.62234045456838 -0.0686356181636682 0.22392562050984 0.15900197100021 0.290163412006593
0.39487582965252 0.441313759843783 0.423063170644973 0.524371750684355 0.173278015807316 0.305271851205868 0.62234045456838 Inf -0.240107195671238 0.304957244059266 0.213766875422341 0.428681144038906
0.0167530392925264 -0.0316986702633414 0.129254035510428 0.0160349637407541 0.443796520474628 0.067484411811415 -0.0686356181636682 -0.240107195671238 Inf 0.357021454278142 0.687836502539098 0.316884060927048
0.782302075641455 0.89531504759965 0.963820656091198 0.980938712775247 0.6408698516564 0.776413984160295 0.22392562050984 0.304957244059266 0.357021454278142 Inf 0.716242970625976 1.43967762377144
0.505477551317353 0.490719057436051 0.736143959460197 0.571398461557648 0.618585560802292 0.585282474542722 0.15900197100021 0.213766875422341 0.687836502539098 0.716242970625976 Inf 0.798209292808031
0.64591489904887 0.770905581666536 0.993411388158672 1.14382347861704 0.612326302483035 0.806251650068604 0.290163412006593 0.428681144038906 0.316884060927048 1.43967762377144 0.798209292808031 Inf
