Inf 1.09978014778984 0.757662522623952 0.438855736600677 0.756360686220807 0.509211385024193 0.364406472061336 0.163984415992283 0.546635229570224 0.271745447199839 0.850351333777973 0.567899305790821
1.09978014778984 Inf 0.62878436006193 0.442306867650562 0.430794321674923 0.466620581886902 0.320872503847216 0.244716778319447 0.3040594818837 0.527339262483182 0.701863593824935 0.773376444603594
0.757662522623952 0.62878436006193 Inf 1.5284948096772 0.686388795135989 0.705100132155981 0.751025933047945 0.515914437685416 0.483135455817639 0.373754461295561 0.898624802466125 0.775177275707381
0.438855736600677 0.442306867650562 1.5284948096772 Inf 0.516121333186396 0.669359798007462 0.740574104800552 0.521420166058888 0.3203083929591 0.404298611205103 0.67706943197904 0.721036367621406
0.756360686220807 0.430794321674923 0.686388795135989 0.516121333186396 Inf 0.711213378206416 0.480202829038915 0.200815628270356 0.674268256764079 0.312212219234195 0.862118400070464 0.611778009697851
0.509211385024193 0.466620581886902 0.705100132155981 0.669359798007462 0.711213378206416 Inf 0.571926554291608 0.461747107121777 0.559050399384367 0.52178469784994 0.742548871495931 0.719882822188347
0.364406472061336 0.320872503847216 0.751025933047945 0.740574104800552 0.480202829038915 0.571926554291608 Inf 0.369456763195927 0.314661795144448 0.31002262058888 0.491684933335659 0.478621910476006
0.163984415992283 0.244716778319447 0.515914437685416 0.521420166058888 0.200815628270356 0.461747107121777 0.369456763195927 Inf 0.347655715698478 0.377442715595999 0.421016669236438 0.472064442670049
0.546635229570224 0.3040594818837 0.483135455817639 0.3203083929591 0.674268256764079 0.559050399384367 0.314661795144448 0.347655715698478 Inf 0.303945077973262 0.906852252050851 0.382688697891141
0.271745447199839 0.527339262483182 0.373754461295561 0.404298611205103 0.312212219234195 0.52178469784994 0.31002262058888 0.377442715595999 0.303945077973262 Inf 0.551404877504436 1.07190649537979
0.850351333777973 0.701863593824935 0.898624802466125 0.67706943197904 0.862118400070462 0.742548871495931 0.491684933335659 0.421016669236438 0.906852252050853 0.551404877504435 Inf 0.980255850951185
0.567899305790821 0.773376444603594 0.775177275707381 0.721036367621406 0.611778009697851 0.719882822188347 0.478621910476006 0.472064442670049 0.382688697891141 1.07190649537979 0.980255850951185 Inf
