Inf 1.05743096551405 0.252028510750422 0.00841301005322359 0.206466817609299 0.253208025207813 0.0474052773348649 0.0449948166940536 0.463702868490105 0.434507307680706 0.415957379308117 0.260895374090922
1.05743096551405 Inf 0.110059859420003 0.0132300329420919 0.0633728229081407 0.354724507120025 0.0718316229921114 -0.000553361390489289 0.30808846500042 0.47138697100685 0.292286147138351 0.281367096746615
0.252028510750422 0.110059859420003 Inf 1.29546280957656 0.55247308318555 0.342304194532636 -0.0528554538462294 0.0676992702816004 0.55905286270407 0.256396225388462 0.815603508631306 0.521172521114496
0.00841301005322359 0.0132300329420919 1.29546280957656 Inf 0.454580080237629 0.325924612460774 -0.000601446432840149 0.167307139898924 0.329534554864417 0.228690224902225 0.619583389730822 0.603573470944613
0.2064668176093 0.0633728229081407 0.55247308318555 0.454580080237629 Inf 0.317534791442633 0.25883320827432 0.209689278544889 0.481824196987673 0.297066193279025 0.708107263863056 0.51408332727146
0.253208025207813 0.354724507120025 0.342304194532636 0.325924612460774 0.317534791442633 Inf 0.0978401016060031 0.182324320928358 0.216002237060866 0.487211129408835 0.365698404329081 0.405681571260138
0.0474052773348649 0.0718316229921114 -0.0528554538462294 -0.000601446432840149 0.25883320827432 0.0978401016060031 Inf 0.262189907980546 0.0920640164054431 0.116766204751085 0.0533683386549016 0.152192121794138
0.0449948166940536 -0.000553361390489289 0.0676992702816004 0.167307139898924 0.209689278544889 0.182324320928359 0.262189907980546 Inf -0.0184478476693716 -0.139056148123872 0.160340688661628 0.164089855092585
0.463702868490105 0.30808846500042 0.55905286270407 0.329534554864417 0.481824196987673 0.216002237060866 0.0920640164054431 -0.0184478476693716 Inf 0.531874870773034 0.67886470570859 0.355933376373643
0.434507307680706 0.47138697100685 0.256396225388462 0.228690224902225 0.297066193279025 0.487211129408835 0.116766204751085 -0.139056148123872 0.531874870773034 Inf 0.450487091942943 0.472115991207075
0.415957379308117 0.292286147138351 0.815603508631306 0.619583389730822 0.708107263863056 0.365698404329081 0.0533683386549016 0.160340688661628 0.67886470570859 0.450487091942943 Inf 0.854637962476322
0.260895374090922 0.281367096746615 0.521172521114496 0.603573470944613 0.51408332727146 0.405681571260138 0.152192121794138 0.164089855092585 0.355933376373643 0.472115991207075 0.854637962476322 Inf
