Inf 1.26756871722439 0.368271594290109 0.344206324219591 0 0.415711903888722 0.126604200356213 0.136097376065177 0.0891910912802852 0 0.251445105420528 0.269901937482108
1.26756871722439 Inf 0.466750934326538 0.488106640547524 0.0620717406813156 0.333059982521543 0.183941356589825 0.257359726888391 0.0818707885137151 0.0278783735364789 0.281144987637586 0.358016759058269
0.368271594290109 0.466750934326538 Inf 1.26582359702212 0.262567335352996 0.422671409365839 0 0.329355525111065 0.223449788119991 0.0483930251466107 0.63326035569432 0.722644516593905
0.344206324219591 0.488106640547524 1.26582359702212 Inf 0.165059749932107 0.349077409859172 0.0153315784786417 0.381125835159089 0.23632632102981 0.12734050255972 0.444967014976537 0.833391219478665
0 0.0620717406813154 0.262567335352996 0.165059749932107 Inf 0.399887299016486 0.00303353766471761 0.319970508701867 0.138716394356491 0.00287992898163318 0.553009378624889 0.250269244990204
0.415711903888722 0.333059982521543 0.422671409365839 0.349077409859172 0.399887299016486 Inf 0 0.0446072092995669 0.122587870515346 0 0.493268326307335 0.404830171498772
0.126604200356213 0.183941356589825 0 0.0153315784786417 0.00303353766471761 0 Inf 0.271916471236465 0 0.0113669002793927 0 0
0.136097376065177 0.257359726888391 0.329355525111065 0.381125835159089 0.319970508701867 0.0446072092995669 0.271916471236465 Inf 0.153374681747734 0.128046069558862 0.196930277421791 0.092478352454742
0.0891910912802852 0.0818707885137151 0.223449788119991 0.23632632102981 0.138716394356491 0.122587870515346 0 0.153374681747734 Inf 0 0.395978868550694 0.244810335953117
0 0.0278783735364789 0.0483930251466107 0.12734050255972 0.00287992898163318 0 0.0113669002793927 0.128046069558862 0 Inf 0.0728085625512962 0.166304264817637
0.251445105420528 0.281144987637586 0.63326035569432 0.444967014976537 0.553009378624889 0.493268326307335 0 0.196930277421791 0.395978868550694 0.0728085625512962 Inf 0.622551182269973
0.269901937482108 0.358016759058269 0.722644516593905 0.833391219478665 0.250269244990204 0.404830171498772 0 0.092478352454742 0.244810335953117 0.166304264817637 0.622551182269973 Inf
