1 0.794658105372209 0.28482536765744 0.0331626894406442 0.600692884966718 0.26704441683222 0.163311150286551 0 0.606132915244299 0.014338249021468 0.648432302226472 0.333399917851903
0.794658105372209 1 0.164839677949197 0.0737137289279966 0.344885914970703 0.0761655541518662 0 0 0.274484392487998 0 0.3432692497207 0.362608769912404
0.28482536765744 0.164839677949197 1 0.855959601808643 0.565802152172859 0.631715557047507 0.332573964213932 0.361412019434779 0.369867204837026 0.263721410702414 0.401518650377265 0.235550561530603
0.0331626894406442 0.0737137289279966 0.855959601808644 1 0.424025013776622 0.58565055560328 0.3116287743727 0.419811192223181 0.0280539354803527 0.244369418808807 0.221410568080807 0.312602791881244
0.600692884966718 0.344885914970703 0.565802152172859 0.424025013776622 1 0.64638014975345 0.344229578328068 0.0947978864185655 0.607419952326657 0.294131705439779 0.834130243126655 0.528607773293362
0.26704441683222 0.0761655541518662 0.631715557047507 0.58565055560328 0.646380149753451 1 0.406404405262945 0.4301706335749 0.382368624250899 0.47501883082229 0.496181723815842 0.488020305331702
0.163311150286551 0 0.332573964213932 0.3116287743727 0.344229578328068 0.406404405262945 1 0.403292022495543 0.153978293901589 0.0895103472866313 0.24774571297523 0.156352742208351
0 0 0.361412019434779 0.419811192223181 0.0947978864185655 0.4301706335749 0.403292022495543 1 0 0.197492064797587 0 0.0335820639447613
0.606132915244299 0.274484392487998 0.369867204837026 0.0280539354803527 0.607419952326657 0.382368624250899 0.153978293901589 0 1 0.429067928763659 0.709391541426836 0.227337437855247
0.014338249021468 0 0.263721410702414 0.244369418808807 0.294131705439779 0.47501883082229 0.0895103472866314 0.197492064797587 0.429067928763659 1 0.403509154567472 0.497417925056317
0.648432302226472 0.3432692497207 0.401518650377265 0.221410568080807 0.834130243126655 0.496181723815842 0.24774571297523 0 0.709391541426836 0.403509154567472 1 0.593936998789083
0.333399917851903 0.362608769912404 0.235550561530603 0.312602791881244 0.528607773293362 0.488020305331702 0.156352742208351 0.0335820639447613 0.227337437855247 0.497417925056317 0.593936998789083 1
