Inf 1.26281924132338 0.741825454365997 0.579803831470997 0.407795575961637 0.351256906191694 0.19819755734657 0.0216409053411156 0.152192807179709 0.325981888594447 0.449097128412636 0.472389523732632
1.26281924132338 Inf 0.648017861274551 0.667881514266781 0.260905399787046 0.365551428733167 0.347423350090002 0.0508775942973204 0.074275998108174 0.400795951972147 0.362682774959832 0.444220778444788
0.741825454365997 0.648017861274551 Inf 1.43202035170778 0.536386320933264 0.683465369313938 0.255783548946768 0.0770105262808642 0.249714027821239 0.424029843803045 0.693278235580496 1.06296523396419
0.579803831470997 0.667881514266781 1.43202035170778 Inf 0.370362103153792 0.655072465608833 0.283304711051008 0.0887089699049576 0.228206379934789 0.416373769159695 0.498515440340793 0.93924594766405
0.407795575961637 0.260905399787046 0.536386320933264 0.370362103153792 Inf 0.341076218708069 0.0588012853853919 0.256125297338604 0.283065578137821 0.398594278562363 0.788785882527569 0.752528822929167
0.351256906191694 0.365551428733167 0.683465369313938 0.655072465608833 0.341076218708069 Inf 0.26564700433034 0.279099651382211 0.148200736744771 0.0981235898455839 0.443661960294349 0.491063198350716
0.19819755734657 0.347423350090002 0.255783548946768 0.283304711051008 0.0588012853853919 0.26564700433034 Inf 0.49090884662974 0.101188633754061 0.0662807882399282 0.18073778837525 0.121872111727183
0.0216409053411156 0.0508775942973204 0.0770105262808642 0.0887089699049576 0.256125297338604 0.279099651382211 0.49090884662974 Inf 0.139875239711723 0.132917331988035 0.220323282661434 0.124142046792148
0.152192807179709 0.074275998108174 0.249714027821239 0.228206379934789 0.283065578137821 0.148200736744771 0.101188633754061 0.139875239711723 Inf 0.536767559858 0.420154709420461 0.236374675468179
0.325981888594447 0.400795951972147 0.424029843803045 0.416373769159695 0.398594278562363 0.0981235898455839 0.0662807882399282 0.132917331988035 0.536767559858 Inf 0.462451558467775 0.398524984670546
0.449097128412636 0.362682774959832 0.693278235580496 0.498515440340794 0.788785882527569 0.443661960294349 0.18073778837525 0.220323282661434 0.420154709420461 0.462451558467774 Inf 0.859223728418852
0.472389523732632 0.444220778444788 1.06296523396419 0.93924594766405 0.752528822929167 0.491063198350716 0.121872111727183 0.124142046792148 0.236374675468179 0.398524984670546 0.859223728418852 Inf
