0 0 0 0 0 0 -0.030933855809522 -0.0690639007230774 0 0 0 0
0 0 0 0 0 0 0 -0.0194280757273179 -0.0940320700565531 0 0 0
0 0 0 0 0 0 0 0 0 0 0 0
0 0 0 0 0 0 0 0 0 0 0 0
0 0 0 0 0 0 -0.0369156453912914 0 0 0 0 -0.0255885570503842
0 0 0 0 0 0 0 0 0 0 0 0
-0.030933855809522 0 0 0 -0.0369156453912914 0 0 0 0 0 -0.2117858685363 -0.11035540306722
-0.0690639007230774 -0.0194280757273179 0 0 0 0 0 0 0 0 -0.158944116545453 -0.133844815518099
0 -0.0940320700565531 0 0 0 0 0 0 0 0 0 0
0 0 0 0 0 0 0 0 0 0 0 0
0 0 0 0 0 0 -0.2117858685363 -0.158944116545453 0 0 0 0
0 0 0 0 -0.0255885570503842 0 -0.11035540306722 -0.133844815518099 0 0 0 0
