Inf 2.22599054918098 1.2576064959556 1.16205474296385 0.685223771228844 0.61842020468386 0.141548880812307 0.267255011341152 0.411724295306982 0.451129129242869 0.41408377706091 0.963466021353473
2.22599054918098 Inf 1.26607725739612 1.23960440230664 0.726109834380366 0.662239198008504 0.160675144059707 0.30212248667239 0.456130433697088 0.497058718714701 0.392892255471876 1.01555738719963
1.2576064959556 1.26607725739612 Inf 1.67985103436968 0.657874060400698 0.723035300777059 0.0881520809029898 0.258984846119532 0.45905574235278 0.398314987678435 0.341591070501954 0.967254551003987
1.16205474296385 1.23960440230664 1.67985103436968 Inf 0.601003989261545 0.708194337464468 0.134000363189943 0.313536724848643 0.376871796837756 0.325711499027143 0.244870837056486 1.01178665825209
0.685223771228844 0.726109834380366 0.657874060400698 0.601003989261545 Inf 0.549922863138956 0.194933857015612 0.185593943449705 0.391799628155606 0.489622850061427 0.72243013037695 0.775551484250717
0.61842020468386 0.662239198008504 0.723035300777059 0.708194337464468 0.549922863138956 Inf 0.266249343834258 0.342920684852151 0.449597089649802 0.392230618702932 0.20072610358564 0.727513856323378
0.141548880812307 0.160675144059707 0.0881520809029898 0.134000363189943 0.194933857015611 0.266249343834258 Inf 0.355637446093373 0.043758292375426 -0.0557190738439335 -0.0503169865069074 0.114494536488816
0.267255011341152 0.30212248667239 0.258984846119532 0.313536724848643 0.185593943449705 0.342920684852151 0.355637446093373 Inf 0.0925990205539212 -0.0531504776769844 -0.109978275952411 0.282309505412078
0.411724295306982 0.456130433697088 0.45905574235278 0.376871796837756 0.391799628155606 0.449597089649802 0.043758292375426 0.0925990205539212 Inf 0.709008790612053 0.25709495547308 0.340223467960768
0.451129129242869 0.497058718714701 0.398314987678435 0.325711499027143 0.489622850061427 0.392230618702932 -0.0557190738439335 -0.0531504776769844 0.709008790612053 Inf 0.520394352637198 0.450798602915683
0.41408377706091 0.392892255471877 0.341591070501954 0.244870837056486 0.72243013037695 0.20072610358564 -0.0503169865069074 -0.109978275952411 0.25709495547308 0.520394352637198 Inf 0.463626444556705
0.963466021353473 1.01555738719963 0.967254551003985 1.01178665825209 0.775551484250717 0.727513856323378 0.114494536488816 0.282309505412078 0.340223467960768 0.450798602915683 0.463626444556705 Inf
