Inf 1.31519608003193 0.223609325377198 0.0723077552370429 0.0413045273240343 -0.024943733448701 0.180286677092973 0.19761625405711 0.23757819115962 0.122590919794156 -0.0423038732677566 -0.127952008954424
1.31519608003193 Inf 0.0526013590677633 0.000138681200737962 -0.148143977112988 -0.0590832492158638 0.107593447989585 0.136817333268796 -0.0637318032266598 0.155868588687107 -0.315470286795541 -0.209626121622022
0.223609325377198 0.0526013590677633 Inf 1.44448176445191 0.407188382356459 0.236330940853909 0.351909291999574 0.328223511021376 0.881095335691845 0.202161001850418 0.871412395551424 0.42180116350544
0.0723077552370429 0.000138681200737962 1.44448176445191 Inf 0.234039684679897 0.191903554198282 0.174979503735097 0.163885233888845 0.512977022411839 0.283255732771233 0.653927182379111 0.60409470072424
0.0413045273240343 -0.148143977112988 0.407188382356459 0.234039684679897 Inf 0.121994829132628 0.284258105414126 0.109674793436917 0.669737363769551 0.111621814408841 0.73209538405058 0.0257869497176947
-0.024943733448701 -0.0590832492158638 0.236330940853909 0.191903554198282 0.121994829132628 Inf 0.00833565822280874 -0.0484653870131412 0.215482046524531 0.118189899154821 0.255743556493161 0.254723928858248
0.180286677092973 0.107593447989585 0.351909291999574 0.174979503735097 0.284258105414126 0.00833565822280874 Inf 0.891338593518418 0.410911739189491 0.0147827923172881 0.247832941025286 -0.115039027185044
0.19761625405711 0.136817333268796 0.328223511021376 0.163885233888845 0.109674793436917 -0.0484653870131412 0.891338593518418 Inf 0.428896456578975 0.104885249735505 0.15696645652643 -0.0331709641554423
0.23757819115962 -0.0637318032266598 0.881095335691845 0.512977022411839 0.669737363769551 0.215482046524531 0.410911739189491 0.428896456578975 Inf 0.227263942480465 0.899325713479928 0.232405778319988
0.122590919794156 0.155868588687107 0.202161001850418 0.283255732771233 0.111621814408841 0.118189899154821 0.0147827923172881 0.104885249735505 0.227263942480465 Inf 0.165615283415415 0.317085934341224
-0.0423038732677566 -0.315470286795541 0.871412395551424 0.653927182379111 0.73209538405058 0.255743556493161 0.247832941025286 0.15696645652643 0.899325713479928 0.165615283415415 Inf 0.567642163462819
-0.127952008954424 -0.209626121622022 0.42180116350544 0.60409470072424 0.0257869497176947 0.254723928858248 -0.115039027185044 -0.0331709641554423 0.232405778319988 0.317085934341224 0.567642163462819 Inf
