Inf 1.27584925575087 0.539308470147052 0.174201903641538 0.526116905346232 0.406483527643447 -0.0476340403756022 0.324984452212018 0.514955731274143 0.168016154456692 0.56892457912234 0.422403057718539
1.27584925575087 Inf 0.481378724576673 0.234219175019949 0.566898370383232 0.385983535265354 -0.0735409791325572 0.234504472304033 0.541115003293022 0.31666538970805 0.491644121335807 0.404530539333046
0.539308470147052 0.481378724576673 Inf 0.788974480162741 0.451206993482239 0.371931659856239 -0.329462306047951 0.290908776116145 0.663523022552414 0.303972089142528 0.746835009478816 0.597004687327263
0.174201903641538 0.234219175019949 0.788974480162741 Inf 0.2000226679205 0.271271729734716 -0.405587508216607 0.125836490239365 0.183438316084982 0.460892109863596 0.267057623556369 0.487736161030777
0.526116905346232 0.566898370383232 0.451206993482239 0.2000226679205 Inf 0.837910626348005 0.0303639301346862 0.399557780112948 0.935071115277463 0.58306981762221 1.01988251206383 0.85268107638749
0.406483527643447 0.385983535265354 0.371931659856239 0.271271729734716 0.837910626348005 Inf -0.0437323306929708 0.385373547651339 0.61849434017179 0.522468910852845 0.643188951646796 0.787713642439026
-0.0476340403756022 -0.0735409791325572 -0.329462306047951 -0.405587508216607 0.0303639301346862 -0.0437323306929708 Inf 0.077556832924476 -0.0147847650204835 -0.163256984436909 -0.0517735176592647 -0.11110695250478
0.324984452212018 0.234504472304033 0.290908776116145 0.125836490239365 0.399557780112948 0.385373547651339 0.077556832924476 Inf 0.409549477802992 0.281087852936086 0.500898375981022 0.50666312531983
0.514955731274143 0.541115003293022 0.663523022552414 0.183438316084982 0.935071115277463 0.61849434017179 -0.0147847650204835 0.409549477802992 Inf 0.591293100191004 1.16264133875044 0.733707615140519
0.168016154456692 0.31666538970805 0.303972089142528 0.460892109863596 0.58306981762221 0.522468910852845 -0.163256984436909 0.281087852936086 0.591293100191004 Inf 0.491149327766208 0.883475028921193
0.56892457912234 0.491644121335807 0.746835009478816 0.267057623556369 1.01988251206383 0.643188951646796 -0.0517735176592646 0.500898375981022 1.16264133875044 0.491149327766208 Inf 1.06436987837908
0.422403057718539 0.404530539333046 0.597004687327263 0.487736161030777 0.85268107638749 0.787713642439026 -0.11110695250478 0.50666312531983 0.733707615140519 0.883475028921193 1.06436987837908 Inf
