0 0 0 0 0 0 -0.116037546586006 -0.270581690558912 0 0 0 -0.074774073926787
0 0 0 0 0 0 -0.0502268603507564 -0.086568796421687 0 0 0 0
0 0 0 0 0 0 0 0 0 0 0 0
0 0 0 0 -0.0931973430189273 0 0 0 0 0 0 0
0 0 0 -0.0931973430189273 0 0 0 0 0 0 0 0
0 0 0 0 0 0 0 0 0 0 0 0
-0.116037546586006 -0.0502268603507564 0 0 0 0 0 0 0 -0.0113040838545839 0 0
-0.270581690558912 -0.086568796421687 0 0 0 0 0 0 -0.0536395700268968 0 0 0
0 0 0 0 0 0 0 -0.0536395700268968 0 0 0 0
0 0 0 0 0 0 -0.0113040838545839 0 0 0 0 0
0 0 0 0 0 0 0 0 0 0 0 0
-0.074774073926787 0 0 0 0 0 0 0 0 0 0 0
