Inf 1.18046977886245 0.714021869347091 0.499439756366007 0.798659923835098 0.390126916669406 0.433606884816297 0.395733629192953 0.777044154215724 0.355934199001322 0.826907501193681 0.459368391413597
1.18046977886245 Inf 0.545808803438175 0.5570359830495 0.703305247870564 0.705758326979597 0.484676084549758 0.421105966401537 0.717165975580551 0.792233785750035 0.68420837208753 0.630057705188539
0.714021869347091 0.545808803438175 Inf 1.44058226075493 0.457183699748433 0.355406558840661 0.291718936165305 0.27897813808179 0.601330948389603 0.357861536847525 0.942641428034211 0.902895042340549
0.499439756366007 0.5570359830495 1.44058226075493 Inf 0.315603385338537 0.452316984163434 0.202806734268187 0.299115036576622 0.468677379221211 0.456071378567081 0.679290571809897 1.06546480661949
0.798659923835098 0.703305247870564 0.457183699748433 0.315603385338537 Inf 0.86452335267634 0.451423356428712 0.284918233527476 0.80881710257826 0.514830976987267 1.09466776368036 0.456967379691899
0.390126916669406 0.705758326979597 0.355406558840661 0.452316984163434 0.86452335267634 Inf 0.421330931770597 0.276644448198473 0.56183960384902 0.873662973875116 0.701286856268225 0.732661071114595
0.433606884816297 0.484676084549758 0.291718936165305 0.202806734268187 0.451423356428712 0.421330931770597 Inf 0.442006051250065 0.450991155075537 0.347980589760592 0.366794404627107 0.286309936699633
0.395733629192953 0.421105966401537 0.27897813808179 0.299115036576622 0.284918233527476 0.276644448198473 0.442006051250065 Inf 0.310529337418286 0.154608451618665 0.198181498715716 0.275874313441583
0.777044154215724 0.717165975580551 0.601330948389603 0.468677379221211 0.80881710257826 0.561839603849019 0.450991155075537 0.310529337418286 Inf 0.737235807051188 1.00964286300218 0.701213344012936
0.355934199001322 0.792233785750035 0.357861536847525 0.456071378567081 0.514830976987267 0.873662973875116 0.347980589760592 0.154608451618665 0.737235807051188 Inf 0.622280230269672 0.931753954999413
0.826907501193681 0.684208372087528 0.942641428034211 0.679290571809897 1.09466776368036 0.701286856268225 0.366794404627107 0.198181498715716 1.00964286300218 0.622280230269672 Inf 0.876135563086703
0.459368391413597 0.630057705188541 0.902895042340549 1.06546480661949 0.456967379691899 0.732661071114595 0.286309936699633 0.275874313441583 0.701213344012936 0.931753954999413 0.876135563086703 Inf
