Inf 1.11622635820883 1.082886291915 0.649012559128665 1.02747318506145 0.832348814291769 0.548413217531645 0.526759834541946 0.660278211241787 0.439589255850223 1.0480108335147 0.756970658707102
1.11622635820883 Inf 0.747452970198294 0.721655291006373 0.6417838608009 0.935129994819137 0.549284119474464 0.591135014199519 0.300269698418093 0.545423826887339 0.678501817203016 0.960722587742011
1.082886291915 0.747452970198294 Inf 1.14701940820605 1.02394736514971 0.80767533008904 0.583159504395973 0.604186195514595 0.769320925681785 0.689438436734467 1.13824317804629 0.853815064418858
0.649012559128665 0.721655291006373 1.14701940820605 Inf 0.466062334599684 0.742997954999639 0.46190176336296 0.6243034077234 0.337011113562156 0.694196785796693 0.576600869773166 0.895943633676577
1.02747318506145 0.6417838608009 1.02394736514971 0.466062334599683 Inf 0.954732187879787 0.514094721069041 0.481660246429252 0.938435195452888 0.577647663498832 1.47062220517024 0.716659205711814
0.832348814291769 0.935129994819137 0.80767533008904 0.742997954999639 0.954732187879787 Inf 0.482101437130003 0.481257148704896 0.451485653528644 0.736382225822956 0.845780963374734 1.08095163568106
0.548413217531645 0.549284119474464 0.583159504395973 0.46190176336296 0.514094721069041 0.482101437130003 Inf 0.643661964256902 0.386063060008556 0.416651194712621 0.499081145184638 0.453353940573055
0.526759834541946 0.591135014199519 0.604186195514595 0.6243034077234 0.481660246429252 0.481257148704896 0.643661964256902 Inf 0.362094578177156 0.445980740314551 0.538566504705745 0.593639701734554
0.660278211241787 0.300269698418093 0.769320925681785 0.337011113562156 0.938435195452888 0.451485653528644 0.386063060008556 0.362094578177156 Inf 0.58762798187465 1.01232412300737 0.420191342915762
0.439589255850223 0.545423826887339 0.689438436734467 0.694196785796693 0.577647663498832 0.736382225822956 0.416651194712621 0.445980740314551 0.58762798187465 Inf 0.64545708848103 0.697400658039382
1.0480108335147 0.678501817203016 1.13824317804629 0.576600869773166 1.47062220517024 0.845780963374734 0.499081145184638 0.538566504705745 1.01232412300737 0.64545708848103 Inf 0.854709928465121
0.756970658707102 0.960722587742011 0.853815064418858 0.895943633676577 0.716659205711814 1.08095163568106 0.453353940573055 0.593639701734554 0.420191342915762 0.697400658039382 0.854709928465121 Inf
