0 0 0 0 -0.157536004840487 0 0 0 0 0 0 0
0 0 0 0 -0.218393425077573 0 0 0 0 0 0 0
0 0 0 0 0 0 0 0 0 0 0 0
0 0 0 0 -0.0260434790292741 0 0 0 0 0 0 0
-0.157536004840487 -0.218393425077573 0 -0.0260434790292741 0 0 -0.0602307123754919 0 -0.118911457030014 -0.119182707119096 0 -0.00645604897619506
0 0 0 0 0 0 0 0 0 0 0 0
0 0 0 0 -0.0602307123754919 0 0 0 0 0 0 0
0 0 0 0 0 0 0 0 0 0 0 0
0 0 0 0 -0.118911457030014 0 0 0 0 0 0 0
0 0 0 0 -0.119182707119096 0 0 0 0 0 0 0
0 0 0 0 0 0 0 0 0 0 0 0
0 0 0 0 -0.00645604897619506 0 0 0 0 0 0 0
