Inf 1.55885782237617 0.502532709002206 0 0.738074374667791 0.573334323282244 0.367526247109834 0.469053937954587 0.584600491281751 0 0.292247142938313 0
1.55885782237617 Inf 0.591653793868484 0.0916368818446174 0.495937516266507 0.551136397928388 0.326597943725619 0.431584179562847 0.437051784934688 0.0134534932996142 0.199591765250754 0
0.502532709002206 0.591653793868484 Inf 0.74871194228446 0.420297545032559 0.3197895797856 0.294110102324949 0.354247851906254 0.294955810185152 0.202179431897287 0.590757411311614 0.201921928358959
0 0.0916368818446174 0.74871194228446 Inf 0 0.0239346092625832 0 0 0 0.436192194112455 0.254546013463419 0.599446302506084
0.738074374667791 0.495937516266507 0.420297545032559 0 Inf 0.813410909768893 0.275058160661781 0.483145143893536 0.733235316652831 0.110641133975195 0.824773389835314 0
0.573334323282244 0.551136397928388 0.3197895797856 0.0239346092625832 0.813410909768891 Inf 0.288747065589221 0.463163749947078 0.648782933305885 0.328506378331631 0.713465999639241 0.219587450114082
0.367526247109834 0.326597943725619 0.294110102324949 0 0.275058160661781 0.288747065589221 Inf 0.647004502535165 0.167966406434548 0.0833137590405785 0.197948808647649 0.00317969886086306
0.469053937954587 0.431584179562846 0.354247851906254 0 0.483145143893536 0.463163749947078 0.647004502535165 Inf 0.36035884995505 0.119864093804625 0.369656577833644 0
0.584600491281751 0.437051784934688 0.294955810185152 0 0.733235316652831 0.648782933305885 0.167966406434548 0.36035884995505 Inf 0.403655385016681 0.928660137475828 0.127819019627416
0 0.0134534932996142 0.202179431897287 0.436192194112455 0.110641133975195 0.328506378331631 0.0833137590405785 0.119864093804625 0.403655385016681 Inf 0.580039717707483 1.12944191515701
0.292247142938313 0.199591765250754 0.590757411311614 0.254546013463419 0.824773389835314 0.713465999639241 0.197948808647649 0.369656577833644 0.928660137475828 0.580039717707483 Inf 0.479027553887517
0 0 0.201921928358959 0.599446302506084 0 0.219587450114082 0.00317969886086306 0 0.127819019627416 1.12944191515701 0.479027553887517 Inf
