0 0 0 0 0 0 -0.218319978371149 0 0 0 0 0
0 0 0 0 0 0 -0.176836147215965 0 0 0 0 0
0 0 0 0 0 0 0 0 0 0 0 0
0 0 0 0 0 0 -0.0410755721967405 0 0 0 0 0
0 0 0 0 0 0 0 0 0 -0.00538270563126744 0 0
0 0 0 0 0 0 -0.00867071264284658 -0.148619613522593 0 0 0 -0.0569110041406144
-0.218319978371149 -0.176836147215965 0 -0.0410755721967405 0 -0.00867071264284658 0 0 -0.211532584455636 -0.209812944982742 -0.0595530820764137 0
0 0 0 0 0 -0.148619613522593 0 0 -0.156080305044463 -0.108805802543397 -0.0593307408706305 0
0 0 0 0 0 0 -0.211532584455636 -0.156080305044463 0 0 0 0
0 0 0 0 -0.00538270563126744 0 -0.209812944982742 -0.108805802543397 0 0 0 0
0 0 0 0 0 0 -0.0595530820764137 -0.0593307408706305 0 0 0 0
0 0 0 0 0 -0.0569110041406144 0 0 0 0 0 0
