Inf 1.60242106061298 1.26773653547557 1.03814541415834 0.463730501501887 0.990374891105454 0.431936594371703 0.366820767424246 1.42277835641524 0.819716901577284 0.977567851678643 0.945096838138051
1.60242106061298 Inf 1.09632068465356 1.12195501438906 0.487946385260795 1.12747638449458 0.375967964463374 0.329679170431462 1.07390782485601 0.992099535673519 0.92785654753837 1.05423500287017
1.26773653547557 1.09632068465356 Inf 1.56098133004973 0.526322597499361 0.893486310860813 0.414335200607969 0.385086701645445 1.41423633683812 0.823112886341067 1.08588594625996 1.14998100135101
1.03814541415834 1.12195501438906 1.56098133004973 Inf 0.605580848955489 1.11061811876956 0.384602387951909 0.323244160955172 1.07230743446694 0.955210495094291 1.03346688738663 1.30348017886691
0.463730501501887 0.487946385260795 0.526322597499361 0.605580848955489 Inf 0.61633790691438 0.13905350843658 0.1370155768007 0.556054792259639 0.454862487605558 0.918847811053807 0.65526279982196
0.990374891105454 1.12747638449458 0.893486310860813 1.11061811876956 0.61633790691438 Inf 0.220190065802742 0.247730202234543 0.890557099685807 0.999235469715628 0.958764665578627 1.24782409857659
0.431936594371703 0.375967964463373 0.414335200607969 0.384602387951909 0.13905350843658 0.220190065802742 Inf 0.191260039598056 0.413427916877212 0.166452720166205 0.361767692170035 0.247391968942923
0.366820767424246 0.329679170431462 0.385086701645445 0.323244160955172 0.1370155768007 0.247730202234543 0.191260039598056 Inf 0.318187715406734 0.239241397659551 0.180877545344331 0.227322892721179
1.42277835641524 1.07390782485601 1.41423633683812 1.07230743446694 0.556054792259639 0.890557099685807 0.413427916877212 0.318187715406734 Inf 0.83098358621693 1.27506659485099 1.08268539236173
0.819716901577284 0.992099535673519 0.823112886341067 0.955210495094291 0.454862487605558 0.999235469715628 0.166452720166205 0.239241397659551 0.83098358621693 Inf 0.748364611027641 1.02655259273428
0.977567851678643 0.92785654753837 1.08588594625996 1.03346688738663 0.918847811053807 0.958764665578627 0.361767692170035 0.180877545344331 1.27506659485099 0.748364611027641 Inf 1.3311971567
0.945096838138051 1.05423500287017 1.14998100135101 1.30348017886691 0.65526279982196 1.24782409857659 0.247391968942923 0.227322892721179 1.08268539236173 1.02655259273428 1.3311971567 Inf
