Inf 0.482586060044507 0.38784564470093 0.25271645855074 0.294231453939358 0.1456100346548 0.0323387391194934 0.0840033935349673 0.429883207040196 0.120994542519213 0.511194311414477 0.27160776160594
0.482586060044507 Inf 0.266455879873806 0.377397422901372 0.0304825359596461 0.437628470230392 0 0.100429566576008 0.0376756405314406 0.462244627134968 0.0385593320422121 0.363746411152443
0.38784564470093 0.266455879873806 Inf 1.29228736863847 0.317608661643896 0.355125460866738 0.210412454714586 0.266838440659224 0.23094995972188 0.23877823814619 0.803357118259123 0.733533287651167
0.25271645855074 0.377397422901372 1.29228736863848 Inf 0.166157688582601 0.343254207699392 0.0930222697243375 0.323569740673459 0.116677120378356 0.444887244426047 0.407947490336665 0.758332744021419
0.294231453939358 0.0304825359596461 0.317608661643896 0.166157688582601 Inf 0.279922240368104 0.179307833707863 0.17834255520365 0.306633146015838 0.191286031631272 0.769843687208856 0.49052448531438
0.1456100346548 0.437628470230392 0.355125460866738 0.343254207699392 0.279922240368104 Inf 0.0481631478810605 0 0 0.166837441873327 0.275188851863744 0.485932634916732
0.0323387391194934 0 0.210412454714586 0.0930222697243375 0.179307833707863 0.0481631478810605 Inf 0.271357867289434 0.102375022644936 0 0.226230088524766 0.0136571184734939
0.0840033935349673 0.100429566576008 0.266838440659224 0.323569740673459 0.17834255520365 0 0.271357867289434 Inf 0.134337073482319 0.204960235918699 0.173629712514882 0.233800879956503
0.429883207040196 0.0376756405314406 0.23094995972188 0.116677120378356 0.306633146015838 0 0.102375022644936 0.134337073482319 Inf 0.347937393489707 0.669140111026755 0.229367002587166
0.120994542519213 0.462244627134966 0.23877823814619 0.444887244426047 0.191286031631272 0.166837441873327 0 0.204960235918699 0.347937393489707 Inf 0.161861516475997 0.70110044813228
0.511194311414477 0.0385593320422121 0.803357118259123 0.407947490336665 0.769843687208856 0.275188851863745 0.226230088524766 0.173629712514882 0.669140111026755 0.161861516475997 Inf 0.680418705295943
0.27160776160594 0.363746411152443 0.733533287651167 0.758332744021417 0.49052448531438 0.485932634916732 0.0136571184734939 0.233800879956503 0.229367002587166 0.70110044813228 0.680418705295943 Inf
