0 0 0 0 0 0 0 0 0 0 0 0
0 0 0 0 0 0 0 0 0 0 0 0
0 0 0 0 0 0 0 0 0 0 0 0
0 0 0 0 0 0 0 0 0 0 0 0
0 0 0 0 0 0 -0.180764433733738 -0.131025865793919 0 0 0 0
0 0 0 0 0 0 -0.0295540459606447 0 0 0 0 0
0 0 0 0 -0.180764433733738 -0.0295540459606447 0 0 -0.160720698634625 -0.0166123361106217 0 0
0 0 0 0 -0.131025865793919 0 0 0 -0.029488447260271 0 -0.101553303406731 0
0 0 0 0 0 0 -0.160720698634625 -0.029488447260271 0 0 0 0
0 0 0 0 0 0 -0.0166123361106217 0 0 0 0 0
0 0 0 0 0 0 0 -0.101553303406731 0 0 0 0
0 0 0 0 0 0 0 0 0 0 0 0
