Inf 1.03060209079322 0.694842952216111 0.409780294317739 0.218046044924385 0.323669392527819 0.285431434332077 0.190607831325984 0.748386383745959 0.148489273577745 0.578017019735352 0.338649873848273
1.03060209079322 Inf 0.556564582529766 0.582300776788369 0.221248169808385 0.329820861160409 0.348739341144646 0.240487440316729 0.396739068941436 0.304921349662315 0.304289896362877 0.503159082780934
0.694842952216111 0.556564582529766 Inf 1.077676505702 0.399021525061222 0.310696928184982 0.321130388237212 0.283298325151326 0.831440203548874 0.470292817266459 0.81715657866968 0.482976145228152
0.409780294317739 0.582300776788369 1.077676505702 Inf 0.372301978076207 0.360413402762585 0.288200582466766 0.428756061072938 0.486088813410741 0.679126503817305 0.562693169281593 0.800123959085868
0.218046044924385 0.221248169808385 0.399021525061222 0.372301978076207 Inf 0.187687220325922 0.586272422761137 0.39632783447844 0.328601884419736 0.330734430288248 0.332762139873713 0.387015483311366
0.323669392527819 0.32982086116041 0.310696928184982 0.360413402762585 0.187687220325922 Inf 0.403914126803376 0.329387014128201 0.57309844788217 0.279545496589926 0.605459372162104 0.555480708534129
0.285431434332077 0.348739341144646 0.321130388237212 0.288200582466766 0.586272422761137 0.403914126803376 Inf 0.634455359379081 0.436711516767515 0.245662648644625 0.342234285865463 0.37850285557779
0.190607831325984 0.240487440316729 0.283298325151326 0.428756061072938 0.39632783447844 0.329387014128201 0.634455359379081 Inf 0.323677693295265 0.342726124100156 0.282923338922431 0.301313293481921
0.74838638374596 0.396739068941436 0.831440203548874 0.486088813410741 0.328601884419736 0.57309844788217 0.436711516767515 0.323677693295265 Inf 0.416008809226905 1.2632215613245 0.532523228097753
0.148489273577745 0.304921349662315 0.470292817266459 0.679126503817305 0.330734430288248 0.279545496589926 0.245662648644625 0.342726124100156 0.416008809226905 Inf 0.376341122595343 0.795588630754649
0.578017019735352 0.304289896362877 0.81715657866968 0.562693169281595 0.332762139873713 0.605459372162104 0.342234285865463 0.282923338922431 1.2632215613245 0.376341122595343 Inf 0.649800439165993
0.338649873848273 0.503159082780934 0.482976145228152 0.800123959085868 0.387015483311366 0.555480708534129 0.37850285557779 0.301313293481921 0.532523228097753 0.795588630754649 0.649800439165993 Inf
