0 0 0 0 0 0 0.0659137678455315 0.0575060552031221 0 0 0 0
0 0 0 0 0 0 0.00422757043443345 0 0 0 0 0
0 0 0 0 0 0 0 0 0 0 0 0
0 0 0 0 0 0 0 0.0320853698714094 0 0 0 0
0 0 0 0 0 0 0 0.00376444996548643 0 0 0 0
0 0 0 0 0 0 0 0 0 0 0 0
0.0659137678455315 0.00422757043443345 0 0 0 0 0 0 0 0 0 0
0.0575060552031221 0 0 0.0320853698714094 0.00376444996548643 0 0 0 0.00660273802314364 0 0.0743989913013627 0.0279541859207775
0 0 0 0 0 0 0 0.00660273802314364 0 0 0 0
0 0 0 0 0 0 0 0 0 0 0.0169340409798844 0
0 0 0 0 0 0 0 0.0743989913013627 0 0.0169340409798844 0 0
0 0 0 0 0 0 0 0.0279541859207775 0 0 0 0
