0 0 0 0 0 0 -0.0475980458027919 0 0 0 0 0
0 0 0 0 0 0 -0.0734086886825049 0 0 0 0 0
0 0 0 0 0 0 -0.318037552237858 0 0 0 0 0
0 0 0 0 0 0 -0.384719673288795 0 0 0 0 0
0 0 0 0 0 0 0 0 0 0 0 0
0 0 0 0 0 0 -0.0437044723996004 0 0 0 0 0
-0.0475980458027919 -0.0734086886825049 -0.318037552237858 -0.384719673288795 0 -0.0437044723996004 0 0 -0.0147836878509691 -0.161821861615453 -0.0517273076164746 -0.110652002837715
0 0 0 0 0 0 0 0 0 0 0 0
0 0 0 0 0 0 -0.0147836878509691 0 0 0 0 0
0 0 0 0 0 0 -0.161821861615453 0 0 0 0 0
0 0 0 0 0 0 -0.0517273076164745 0 0 0 0 0
0 0 0 0 0 0 -0.110652002837715 0 0 0 0 0
