Inf 0.94861410994637 0.384932295179402 0.297301294519719 0.208373513448825 0.322426056169204 -0.0309437283826982 -0.0691740235683229 0.103965667578604 0.299060698879805 0.312524677396325 0.40245348574452
0.94861410994637 Inf 0.227229182811607 0.246530023980078 0.122003287637731 0.156417502447507 0.0610248021801143 -0.0194305206575921 -0.094310694521655 0.379089855009153 0.106928229427515 0.3183945809592
0.384932295179402 0.227229182811607 Inf 1.22670857236905 0.288130053321922 0.197142008108947 0.15029237170504 0.184567984686047 0.345436005832588 0.358281211457147 0.448572752787248 0.41044898839786
0.297301294519719 0.246530023980078 1.22670857236905 Inf 0.0992661223913364 0.134765186287831 0.22890998438391 0.213137339578518 0.0417655773033 0.236435324157998 0.210683570944514 0.29331438737236
0.208373513448825 0.122003287637731 0.288130053321922 0.0992661223913364 Inf 0.0884268226038079 -0.0369324282310236 0.125869135723233 0.318841436697167 0.00342278852548776 0.161037955288657 -0.0255941441549573
0.322426056169204 0.156417502447507 0.197142008108947 0.134765186287831 0.0884268226038079 Inf 0.0581866295472677 0.168777569361592 0.249514709000131 0.437129069232095 0.268606467926133 0.443649936558519
-0.0309437283826982 0.0610248021801143 0.15029237170504 0.22890998438391 -0.0369324282310236 0.0581866295472677 Inf 0.856980631417021 0.0525986354814757 0.10255097755677 -0.215040340757864 -0.1108066861591
-0.0691740235683229 -0.0194305206575921 0.184567984686047 0.213137339578519 0.125869135723233 0.168777569361592 0.856980631417021 Inf 0.143640314410285 0.0122076149386684 -0.160303259318707 -0.134652769283789
0.103965667578604 -0.094310694521655 0.345436005832588 0.0417655773032999 0.318841436697167 0.249514709000131 0.0525986354814757 0.143640314410285 Inf 0.411885962205405 0.25808749500233 0.306273841222538
0.299060698879805 0.379089855009153 0.358281211457147 0.236435324157998 0.00342278852548776 0.437129069232095 0.10255097755677 0.0122076149386684 0.411885962205405 Inf 0.089098249686388 0.580787205956727
0.312524677396325 0.106928229427515 0.448572752787248 0.210683570944514 0.161037955288657 0.268606467926133 -0.215040340757864 -0.160303259318707 0.25808749500233 0.089098249686388 Inf 0.58474712788013
0.40245348574452 0.3183945809592 0.41044898839786 0.29331438737236 -0.0255941441549573 0.443649936558519 -0.1108066861591 -0.134652769283789 0.306273841222538 0.580787205956727 0.58474712788013 Inf
