0 0 0 0 0 0 0.116562599023773 0.277491359268132 0 0 0 0.0749139012960668
0 0 0 0 0 0 0.0502691607917017 0.0867860274091726 0 0 0 0
0 0 0 0 0 0 0 0 0 0 0 0
0 0 0 0 0.0934685874484632 0 0 0 0 0 0 0
0 0 0 0.0934685874484632 0 0 0 0 0 0 0 0
0 0 0 0 0 0 0 0 0 0 0 0
0.116562599023773 0.0502691607917017 0 0 0 0 0 0 0 0.0113045653788252 0 0
0.277491359268132 0.0867860274091726 0 0 0 0 0 0 0.0536911030044279 0 0 0
0 0 0 0 0 0 0 0.0536911030044279 0 0 0 0
0 0 0 0 0 0 0.0113045653788252 0 0 0 0 0
0 0 0 0 0 0 0 0 0 0 0 0
0.0749139012960668 0 0 0 0 0 0 0 0 0 0 0
