0 0 0 0 0 0 -0.280871206269609 0 0 -0.214161790867136 0 0
0 0 0 0 0 0 -0.350701717182169 -0.0550304192799975 0 0 -0.132729826082516 0
0 0 0 0 0 0 0 0 0 0 0 0
0 0 0 0 0 0 0 0 0 0 0 0
0 0 0 0 0 0 -0.0465789524400065 0 0 0 0 0
0 0 0 0 0 0 0 0 0 0 0 0
-0.280871206269609 -0.350701717182168 0 0 -0.0465789524400065 0 0 0 0 0 0 -0.103060524310392
0 -0.0550304192799975 0 0 0 0 0 0 0 -0.136538226137484 0 0
0 0 0 0 0 0 0 0 0 0 0 0
-0.214161790867136 0 0 0 0 0 0 -0.136538226137484 0 0 -0.0913579659646952 0
0 -0.132729826082516 0 0 0 0 0 0 0 -0.0913579659646952 0 0
0 0 0 0 0 0 -0.103060524310392 0 0 0 0 0
