Inf 1.12096500161684 0.378036559096697 0.111459625309207 0.196643444658797 0.171447888088191 0.264570236877501 0.189744566224192 0.144502542361629 0.240558676501015 0.305787843231927 0.328002219646476
1.12096500161684 Inf 0.45561038153922 0.243181425264847 0.168730732593595 0.344175480907055 0.259403300340471 0.311214496052495 0.186801425617091 0.418086771479224 0.293166273941679 0.472905543329538
0.378036559096697 0.45561038153922 Inf 1.0072308654028 0.482617246916989 0.407961730802412 0.109040611649034 0.300622020872558 0.160351015384538 0.437880623950827 0.597045888247371 0.509680610091842
0.111459625309207 0.243181425264847 1.0072308654028 Inf 0.127894550496872 0.0981270266969968 0.0720403287807077 0.300384883848848 0 0.255299129512035 0.0971391904348063 0.303780359214579
0.196643444658797 0.168730732593595 0.482617246916989 0.127894550496872 Inf 0.655645146501703 0 0.191469727447816 0.127818608778267 0.269604965502674 0.55210144634071 0.374494721526719
0.171447888088191 0.344175480907055 0.407961730802412 0.0981270266969968 0.655645146501703 Inf 0.138233402416885 0.325627937842363 0.163388215567151 0.499207418489972 0.617294225008877 0.613106363564153
0.264570236877501 0.259403300340471 0.109040611649034 0.0720403287807077 0 0.138233402416885 Inf 0.273614186140875 0 0.031413466906725 0.109393152591223 0.167936913948484
0.189744566224192 0.311214496052495 0.300622020872558 0.300384883848848 0.191469727447816 0.325627937842363 0.273614186140875 Inf 0.0900046041061173 0.349247172450746 0.190374333063497 0.535490322345046
0.144502542361629 0.186801425617091 0.160351015384538 0 0.127818608778267 0.163388215567151 0 0.0900046041061173 Inf 0.509575398706041 0.649237161960108 0.2028208920491
0.240558676501015 0.418086771479224 0.437880623950827 0.255299129512035 0.269604965502674 0.499207418489972 0.031413466906725 0.349247172450746 0.509575398706041 Inf 0.629745895274808 0.884741274710319
0.305787843231927 0.293166273941679 0.597045888247371 0.0971391904348063 0.55210144634071 0.617294225008877 0.109393152591223 0.190374333063497 0.649237161960108 0.629745895274808 Inf 0.512522064729901
0.328002219646476 0.472905543329538 0.509680610091842 0.303780359214579 0.374494721526719 0.613106363564153 0.167936913948484 0.535490322345046 0.2028208920491 0.884741274710319 0.512522064729901 Inf
