0 0 0 0 0 0 0.105405610015557 0 0 0 0 0
0 0 0 0 0 0 0.0830141283131062 0 0 0 0 0
0 0 0 0 0 0 0.150196749144818 0 0 0 0 0
0 0 0 0 0 0 0.181654043395599 0 0 0 0 0
0 0 0 0 0 0 0 0 0 0 0 0
0 0 0 0 0 0 0 0 0 0 0 0
0.105405610015557 0.0830141283131062 0.150196749144818 0.181654043395599 0 0 0 0 0.114803404374763 0.160739941107882 0.0820556426072154 0.19260619381283
0 0 0 0 0 0 0 0 0 0 0 0
0 0 0 0 0 0 0.114803404374763 0 0 0 0 0
0 0 0 0 0 0 0.160739941107882 0 0 0 0 0
0 0 0 0 0 0 0.0820556426072154 0 0 0 0 0
0 0 0 0 0 0 0.19260619381283 0 0 0 0 0
