Inf 0.75359536388496 0.336719023188393 0.0719322662499885 0.34200031570269 0.44679986580865 0 0 0.591943778978002 0.0892827471580179 0.384532227799338 0.251151300829754
0.75359536388496 Inf 0.650097493706787 0.564522274153458 0.389641299811969 0.465667418510942 0 0.181260322267598 0.354066875767297 0.17987433189424 0.415665212297476 0.532171493040861
0.336719023188393 0.650097493706787 Inf 1.08799985678487 0.643287563925311 0.48447106688556 0.0275951686243485 7.35442046229149e-05 0.380734471368937 0.00189072779096866 0.798832623084027 0.832907504245447
0.0719322662499885 0.564522274153458 1.08799985678487 Inf 0.412592354144674 0.317326693064113 0.0663482167342659 0 0.107919503057732 0.0358999859517358 0.49673967351358 0.725672514421288
0.342000315702691 0.389641299811969 0.643287563925311 0.412592354144674 Inf 0.585140427127674 0.0653800930697105 0 0.882928549732615 0.0319215911146 0.947281862390305 0.73338230842583
0.44679986580865 0.465667418510942 0.48447106688556 0.317326693064113 0.585140427127674 Inf 0.196002399498536 0.0831247194767688 0.549185582435346 0.297766771896664 0.540596695298342 0.581491215990955
0 0 0.0275951686243485 0.0663482167342659 0.0653800930697105 0.196002399498536 Inf 0.195343914804984 0.169469013236166 0.0490328422577249 0.0457078974472704 0.0794767492445531
0 0.181260322267598 7.35442046229149e-05 0 0 0.0831247194767688 0.195343914804984 Inf 0 0.0747436411121672 0 0
0.591943778978002 0.354066875767297 0.380734471368937 0.107919503057732 0.882928549732615 0.549185582435346 0.169469013236166 0 Inf 0.269171148136242 0.699481165613879 0.463640194411551
0.0892827471580179 0.17987433189424 0.00189072779096866 0.0358999859517358 0.0319215911146 0.297766771896664 0.0490328422577249 0.0747436411121672 0.269171148136242 Inf 0 0.153510259461472
0.384532227799338 0.415665212297476 0.798832623084027 0.49673967351358 0.947281862390305 0.540596695298342 0.0457078974472704 0 0.699481165613879 0 Inf 1.10958071740357
0.251151300829754 0.532171493040861 0.832907504245447 0.725672514421288 0.73338230842583 0.581491215990955 0.0794767492445531 0 0.463640194411551 0.153510259461472 1.10958071740357 Inf
