Inf 0.579880290082865 0.64346271225664 0.138497725324509 0.468030384145018 0.263573757459459 0.0530004591271935 0 0.749097730252578 0 0.534247742420669 0.184379915769267
0.579880290082865 Inf 0.211992256676505 0 0.231553197616028 0.331142244206419 0.0145678146652925 0 0.454869005317153 0.176767755551833 0.205786199852873 0.177331682037873
0.64346271225664 0.211992256676505 Inf 0.93675794976549 0.49029255348781 0.347272397332281 0.172408443111532 0.078465142038751 0.530210606493259 0 0.680699951739026 0.333763511820317
0.138497725324509 0 0.93675794976549 Inf 0.22094514240545 0.275289063794075 0.142031374068972 0.170622220452807 0.0738029739664563 0 0.265044861281949 0.264581142979846
0.468030384145017 0.231553197616028 0.49029255348781 0.22094514240545 Inf 0.601260215467048 0.319878569365173 0.0379160225374598 0.743660030655956 0 0.911045216735356 0.494962114068596
0.263573757459459 0.331142244206419 0.347272397332281 0.275289063794075 0.601260215467048 Inf 0.18817078506716 0.0683888253068858 0.441904041632265 0.119494240085495 0.540742421632165 0.391433483086933
0.0530004591271935 0.0145678146652925 0.172408443111532 0.142031374068972 0.319878569365173 0.18817078506716 Inf 0.273478227610021 0.224778238648279 0.0136930875290531 0.328966940079924 0.250639443299052
0 0 0.078465142038751 0.170622220452807 0.0379160225374598 0.0683888253068858 0.273478227610021 Inf 0 0 0.0776129627392083 0.171425253485821
0.749097730252578 0.454869005317153 0.530210606493259 0.0738029739664563 0.743660030655956 0.441904041632265 0.224778238648279 0 Inf 0.102479708983049 1.0827106270018 0.489462694353323
0 0.176767755551833 0 0 0 0.119494240085495 0.0136930875290531 0 0.102479708983049 Inf 0 0.144946674265494
0.534247742420669 0.205786199852873 0.680699951739026 0.265044861281949 0.911045216735356 0.540742421632165 0.328966940079924 0.0776129627392083 1.0827106270018 0 Inf 0.677209617984637
0.184379915769267 0.177331682037873 0.333763511820317 0.264581142979846 0.494962114068596 0.391433483086933 0.250639443299052 0.171425253485821 0.489462694353323 0.144946674265494 0.677209617984637 Inf
