Inf 1.18966637063775 0.635790759200669 0.534691873559841 0.74210815558605 0.797597822038887 0.173669888265502 0.207301959514835 0.605854158956975 0.660574885865274 0.743541362064525 0.617132953758615
1.18966637063775 Inf 0.673083583886146 0.611986095654474 0.918627385723811 0.88442891054655 0.138894772120038 0.297787009380225 0.849871845095012 0.641321364077477 0.871248367432536 0.721604242896533
0.635790759200669 0.673083583886146 Inf 1.50367406818217 0.800413003786057 0.698020805080037 0.303769750226957 0.406005404920935 0.560829523556079 0.726888646467441 0.707865027526684 0.901945170097242
0.534691873559841 0.611986095654474 1.50367406818217 Inf 0.676597297278347 0.666761601681327 0.291782044624309 0.426388361272736 0.439982654499099 0.730688498745016 0.500950498587832 0.8095094144222
0.74210815558605 0.918627385723811 0.800413003786057 0.676597297278347 Inf 0.849108443416663 0.27540943835828 0.302940417902774 0.997901762939943 0.651107605703834 1.29678269019989 0.920284987219782
0.797597822038887 0.88442891054655 0.698020805080037 0.666761601681327 0.849108443416663 Inf 0.252877229587315 0.302836571052509 0.881873903335016 1.01301794138056 0.864555453148694 1.04475495643389
0.173669888265502 0.138894772120038 0.303769750226957 0.291782044624309 0.27540943835828 0.252877229587315 Inf 0.416178353663612 0.134146546905942 0.210538073210658 0.200651228240871 0.213259049722395
0.207301959514835 0.297787009380225 0.406005404920935 0.426388361272736 0.302940417902774 0.302836571052509 0.416178353663612 Inf 0.266556237376097 0.0695645465331793 0.216137800018075 0.336385888449815
0.605854158956975 0.849871845095012 0.560829523556079 0.439982654499099 0.997901762939943 0.881873903335016 0.134146546905942 0.266556237376097 Inf 0.727562262911688 1.2793179859132 0.899536865766308
0.660574885865274 0.641321364077477 0.726888646467441 0.730688498745016 0.651107605703834 1.01301794138056 0.210538073210658 0.0695645465331793 0.727562262911687 Inf 0.666212387733814 1.08021782739122
0.743541362064525 0.871248367432536 0.707865027526684 0.500950498587832 1.29678269019989 0.864555453148694 0.200651228240871 0.216137800018075 1.2793179859132 0.666212387733814 Inf 1.01230308843619
0.617132953758615 0.721604242896533 0.901945170097242 0.8095094144222 0.920284987219782 1.04475495643389 0.213259049722395 0.336385888449815 0.899536865766308 1.08021782739122 1.01230308843619 Inf
