0 0 0 0.0414708191508729 0 0 0.0417870319153393 0 0 0 0 0
0 0 0 0 0 0 0 0 0 0 0 0
0 0 0 0 0 0 0 0 0 0 0 0
0.0414708191508729 0 0 0 0 0 0 0 0.128919743145321 0 0 0
0 0 0 0 0 0 0 0 0 0 0 0
0 0 0 0 0 0 0 0 0 0 0 0
0.0417870319153393 0 0 0 0 0 0 0 0.0821731389903435 0 0 0.00299773238151887
0 0 0 0 0 0 0 0 0.0806142541185182 0.152010249258511 0.103868084561205 0
0 0 0 0.128919743145321 0 0 0.0821731389903435 0.0806142541185182 0 0 0 0
0 0 0 0 0 0 0 0.152010249258511 0 0 0 0
0 0 0 0 0 0 0 0.103868084561205 0 0 0 0
0 0 0 0 0 0 0.00299773238151887 0 0 0 0 0
