Inf 1.59877364584714 0.655273918809804 0.542925340890823 0.0790147128323154 0.260643162704839 0 0.00859637090545178 0.500659802992828 0.523453768701063 0.344058972740056 0.183375416720291
1.59877364584714 Inf 0.599125216116355 0.516207596480845 0.0158198155677929 0.159227527230458 0 0.0806927060196065 0.45237550294615 0.530813193386638 0.246985441132827 0.180010544712918
0.655273918809804 0.599125216116355 Inf 1.60192074786423 0.23998120625787 0.00325930091443585 0.012622816557501 0.27554748425568 0.343691130243916 0.452137949612808 0.449790211342849 0.68278376556069
0.542925340890823 0.516207596480845 1.60192074786423 Inf 0.161841005232601 0.00263237681650109 0 0.190506999657419 0.272427723097604 0.467426587375571 0.372190802548433 0.693358534689895
0.0790147128323154 0.0158198155677929 0.23998120625787 0.161841005232601 Inf 0.0711749348309029 0.0513179406939941 0.195110718669051 0.101286868058679 0 0.155652309954273 0.00883550229421581
0.260643162704839 0.159227527230458 0.00325930091443585 0.00263237681650109 0.0711749348309029 Inf 0 0 0.165917076247088 0.229516373796111 0.19295088715181 0
0 0 0.012622816557501 0 0.0513179406939941 0 Inf 0.324047400889874 0 0 0 0.0883833356088532
0.00859637090545178 0.0806927060196065 0.27554748425568 0.190506999657419 0.195110718669051 0 0.324047400889874 Inf 0 0 0 0.0550838921757549
0.500659802992828 0.45237550294615 0.343691130243916 0.272427723097604 0.101286868058679 0.165917076247088 0 0 Inf 0.734359057116209 0.706309871891607 0.327944601270349
0.523453768701063 0.530813193386638 0.452137949612808 0.467426587375571 0 0.229516373796111 0 0 0.734359057116209 Inf 0.467640639199521 0.460831020026114
0.344058972740056 0.246985441132827 0.449790211342849 0.372190802548433 0.155652309954273 0.19295088715181 0 0 0.706309871891607 0.467640639199521 Inf 0.628847646087173
0.183375416720291 0.180010544712918 0.68278376556069 0.693358534689895 0.00883550229421581 0 0.0883833356088532 0.0550838921757549 0.327944601270349 0.460831020026114 0.628847646087173 Inf
