Inf 1.24444993401961 0.472584762269267 0.314714958822848 0.417406751516112 0.278423930756226 0.323276242104456 -0.0570863646951552 0.641413173592764 0.0401328400932292 0.506154884661304 0.104501613257342
1.24444993401961 Inf 0.421724845109614 0.428005286416472 0.304257745724913 0.129139958188527 0.286471160761598 0.0642134497165342 0.469666163070927 0.21505964868354 0.364188551670655 0.13579316490143
0.472584762269267 0.421724845109614 Inf 1.31782255256224 0.372831354905041 0.377228726249515 0.114316714719603 0.225527812889742 0.768541500633924 0.230512411007794 0.837360710386594 0.636585561569864
0.314714958822848 0.428005286416472 1.31782255256224 Inf 0.291363813935842 0.348455922928042 0.00205608047533614 0.316729091214714 0.387933924824863 0.29043442458815 0.534201131779722 0.729775045663168
0.417406751516112 0.304257745724913 0.372831354905041 0.291363813935842 Inf 0.516794920927164 0.00802467166608198 -0.0965253898546198 0.457590534394166 0.145878883034943 0.590088138468928 0.373428075362012
0.278423930756226 0.129139958188527 0.377228726249515 0.348455922928042 0.516794920927164 Inf 0.0103680174376064 0.06786276745568 0.192848164631649 0.0367903042573216 0.504188683648904 0.519863475619515
0.323276242104456 0.286471160761598 0.114316714719603 0.00205608047533614 0.00802467166608198 0.0103680174376064 Inf 0.215271914536663 0.332644188855416 -0.0117965263630538 0.166824968670409 -0.17310114376916
-0.0570863646951552 0.0642134497165342 0.225527812889742 0.316729091214714 -0.0965253898546198 0.06786276745568 0.215271914536663 Inf 0.125483075645379 0.261118886271895 -0.0133902668161264 0.070226163487797
0.641413173592764 0.469666163070927 0.768541500633924 0.387933924824863 0.457590534394166 0.192848164631649 0.332644188855416 0.125483075645379 Inf 0.372329104551111 0.603224763808168 0.302720903813084
0.0401328400932292 0.21505964868354 0.230512411007794 0.29043442458815 0.145878883034943 0.0367903042573216 -0.0117965263630538 0.261118886271895 0.372329104551111 Inf 0.132400414368939 0.381233929753115
0.506154884661304 0.364188551670655 0.837360710386594 0.534201131779722 0.590088138468928 0.504188683648904 0.166824968670409 -0.0133902668161264 0.603224763808168 0.132400414368939 Inf 0.601624268654661
0.104501613257342 0.13579316490143 0.636585561569864 0.729775045663168 0.373428075362012 0.519863475619515 -0.17310114376916 0.070226163487797 0.302720903813084 0.381233929753115 0.601624268654661 Inf
