Inf 0.483900981152229 0.4357833818408 0.385389606158829 0.257437262039432 0.417793283341394 0.229821698302516 0.110029135570588 0.564512292917428 0.56775790771546 0.683143906032653 0.580278228039184
0.483900981152229 Inf 0.167028641935724 0.237903623037378 0 0.256172258833492 0.0927749287622519 0.200306199598709 0.170813576877359 0.391145806859915 0.202330296751452 0.360806017298
0.4357833818408 0.167028641935724 Inf 1.3496068678837 0.43767283187447 0.287033919737269 0.382678133205962 0.35253220058617 0.698445857650918 0.543564437250562 0.771469990180495 0.856798166741327
0.385389606158829 0.237903623037378 1.3496068678837 Inf 0.418137686909045 0.377771276632885 0.285088729382212 0.286859035486003 0.47298254328474 0.543197750777695 0.662260540002416 0.971944744170197
0.257437262039432 0 0.43767283187447 0.418137686909045 Inf 0.192063865843028 0.0330453892607052 0.133599020262675 0.527783489391662 0.526229935287842 0.559484219951831 0.373587736223873
0.417793283341394 0.256172258833492 0.287033919737269 0.377771276632885 0.192063865843028 Inf 0.0700438062864573 0.0432291108128716 0.145916322903162 0.290862924994786 0.311458686817391 0.391296507664424
0.229821698302516 0.0927749287622519 0.382678133205962 0.285088729382212 0.0330453892607052 0.0700438062864573 Inf 0.328203352775933 0.389829083434386 0.140514062063143 0.301482471035187 0.353404190874786
0.110029135570588 0.200306199598709 0.35253220058617 0.286859035486003 0.133599020262675 0.0432291108128716 0.328203352775933 Inf 0.178636204839775 0.21287655324543 0.10450632709454 0.192334098405276
0.564512292917428 0.170813576877359 0.698445857650918 0.47298254328474 0.527783489391662 0.145916322903162 0.389829083434386 0.178636204839775 Inf 0.990690346336804 0.765010548478407 0.577787127314722
0.56775790771546 0.391145806859915 0.543564437250562 0.543197750777695 0.526229935287842 0.290862924994786 0.140514062063143 0.21287655324543 0.990690346336804 Inf 0.626332314267919 0.656262461139683
0.683143906032653 0.202330296751452 0.771469990180495 0.662260540002416 0.559484219951831 0.311458686817391 0.301482471035187 0.10450632709454 0.765010548478409 0.62633231426792 Inf 0.927808311401225
0.580278228039184 0.360806017298 0.856798166741327 0.971944744170197 0.373587736223873 0.391296507664424 0.353404190874786 0.192334098405276 0.577787127314722 0.656262461139683 0.927808311401225 Inf
