Inf 0.815728502610043 0.243132911041947 0.319799164641512 0.425166092194338 0.457316733094479 0 0.206704559994476 0 0.424464431199926 0.277846413703249 0.536783838194063
0.815728502610043 Inf 0.387102617939507 0.573763246783581 0.280236464334724 0.50989840563517 0.0166040760782903 0.374791749011994 0.114276904196417 0.698048795380123 0.166271076493114 0.553163752749046
0.243132911041947 0.387102617939507 Inf 1.57733335870072 0.073389470265187 0.224135382648954 0.292956408508203 0.394041636472403 0.470651114702779 0.45583235566538 0.310074903390566 0.461618275932867
0.319799164641512 0.573763246783581 1.57733335870072 Inf 0.163073588703256 0.421628167124846 0.295562172899922 0.476392765886831 0.367745459588165 0.603142194777801 0.276212005645861 0.614918863794883
0.425166092194338 0.280236464334724 0.073389470265187 0.163073588703256 Inf 0.79829953434968 0.0769705688947468 0.261418914729135 0.182884177345338 0.386430997921818 0.661549879298493 0.643386413820942
0.457316733094479 0.50989840563517 0.224135382648954 0.421628167124846 0.798299534349682 Inf 0.01842119300471 0.308113523377907 0.210986793606852 0.633977438016923 0.619025644903984 1.00691469765255
0 0.0166040760782903 0.292956408508203 0.295562172899922 0.0769705688947468 0.01842119300471 Inf 0.354914876371008 0.328845392230492 0.155091289592114 0.11022989127266 0.184600832610159
0.206704559994476 0.374791749011994 0.394041636472403 0.476392765886831 0.261418914729135 0.308113523377907 0.354914876371008 Inf 0.236628221214666 0.340967633027571 0.0742356270897947 0.245473449498906
0 0.114276904196417 0.470651114702779 0.367745459588165 0.182884177345338 0.210986793606852 0.328845392230492 0.236628221214666 Inf 0.518122549555832 0.574076698910496 0.300859338072827
0.424464431199926 0.698048795380123 0.45583235566538 0.603142194777801 0.386430997921818 0.633977438016923 0.155091289592114 0.340967633027571 0.518122549555832 Inf 0.501166960418987 0.950625483713326
0.277846413703249 0.166271076493114 0.310074903390566 0.276212005645861 0.661549879298493 0.619025644903984 0.11022989127266 0.0742356270897947 0.574076698910496 0.501166960418987 Inf 0.817369862277554
0.536783838194063 0.553163752749046 0.461618275932867 0.614918863794883 0.643386413820942 1.00691469765255 0.184600832610159 0.245473449498906 0.300859338072827 0.950625483713326 0.817369862277554 Inf
