0 0 0 0 0 0 0.221891322242317 0 0 0 0 0
0 0 0 0 0 0 0.178714806202444 0 0 0 0 0
0 0 0 0 0 0 0 0 0 0 0 0
0 0 0 0 0 0 0.0410986965483691 0 0 0 0 0
0 0 0 0 0 0 0 0 0 0.00538275761748077 0 0
0 0 0 0 0 0 0.00867092994434289 0.149728573985229 0 0 0 0.0569725661231181
0.221891322242317 0.178714806202444 0 0.0410986965483691 0 0.00867092994434289 0 0 0.214775177458294 0.212975669890352 0.0596236353204279 0
0 0 0 0 0 0.149728573985229 0 0 0.157366586469468 0.109238251688539 0.0594005057207855 0
0 0 0 0 0 0 0.214775177458294 0.157366586469468 0 0 0 0
0 0 0 0 0.00538275761748077 0 0.212975669890352 0.109238251688539 0 0 0 0
0 0 0 0 0 0 0.0596236353204279 0.0594005057207855 0 0 0 0
0 0 0 0 0 0.0569725661231181 0 0 0 0 0 0
