Inf 0.891379648876811 0.267043435473101 0.0228192524892317 0.35313846503925 0.0214649025872391 0 0.0575188198308742 0.58526473806861 0 0.127341930784957 0.171198521296142
0.891379648876811 Inf 0.093974807372227 0.119000589644881 0.0770115226918492 0.0461434731815921 0 0 0.278211315355225 0.0980305170076255 0 0.417858392033641
0.267043435473101 0.093974807372227 Inf 0.907332845252885 0.298940634856369 0.22904098831028 0.134938911410184 0.100527530761611 0.473248121746864 0.189391169158306 0.413848815438756 0.102886013109101
0.0228192524892317 0.119000589644881 0.907332845252885 Inf 0.360704844231759 0.397137732340568 0.0771367259231956 0.176999853273886 0.309602311512606 0.468783471980533 0.261189103554451 0.403444781984371
0.35313846503925 0.0770115226918492 0.298940634856369 0.360704844231759 Inf 0.336737852415821 0 0.110102718268299 0.400619194359471 0.0524214093811224 0.391434435592169 0.191996840206001
0.0214649025872391 0.0461434731815921 0.22904098831028 0.397137732340568 0.336737852415821 Inf 0.115815816998589 0.216867255979022 0.297200083038864 0.240841745902616 0.286892037310654 0.311740646392496
0 0 0.134938911410184 0.0771367259231956 0 0.115815816998589 Inf 0.137395642271512 0.105061733730736 0.224249662619698 0.0907935332338719 0
0.0575188198308742 0 0.100527530761611 0.176999853273886 0.110102718268299 0.216867255979022 0.137395642271512 Inf 0.161817454553794 0 0.0844785328064727 0.0545362697012358
0.58526473806861 0.278211315355225 0.473248121746865 0.309602311512606 0.400619194359471 0.297200083038864 0.105061733730736 0.161817454553794 Inf 0.205805923309261 0.444348213266086 0.173477322054627
0 0.0980305170076255 0.189391169158306 0.468783471980533 0.0524214093811224 0.240841745902616 0.224249662619698 0 0.205805923309261 Inf 0 0.276554431742215
0.127341930784957 0 0.413848815438756 0.261189103554451 0.391434435592169 0.286892037310654 0.0907935332338719 0.0844785328064727 0.444348213266086 0 Inf 0.148677809715596
0.171198521296142 0.417858392033641 0.102886013109101 0.403444781984371 0.191996840206001 0.311740646392496 0 0.0545362697012358 0.173477322054627 0.276554431742215 0.148677809715596 Inf
