Inf 0.71264211824986 0.206467181027912 0 0.376700606274511 0.334665278859784 0 0.0257263120820409 0.497752563786698 0 0.31981695825907 0.160311362706551
0.71264211824986 Inf 0.428678791395027 0.3822588104298 0.167834276929764 0.534862806136202 0 0.314489729153798 0.189978493009146 0.251589227044368 0.126262533294442 0.350039048161172
0.206467181027912 0.428678791395027 Inf 1.25651460082442 0.40730191417243 0.784488157528329 0.025559228324204 0.628770902081288 0.424059755746107 0.673307815917918 0.421303358925794 0.665061203674877
0 0.3822588104298 1.25651460082442 Inf 0.153014461394038 0.643983352597263 0 0.690973667137973 0.124083272560538 0.776810331956671 0.162815632390264 0.667025829516348
0.376700606274511 0.167834276929764 0.40730191417243 0.153014461394038 Inf 0.706975149180526 0.061049274944663 0.14371204182475 0.963301779203824 0.434063070580275 1.41838472924969 0.710072110431304
0.334665278859784 0.534862806136202 0.784488157528329 0.643983352597263 0.706975149180526 Inf 0 0.410378763380805 0.661679875040539 0.840480134073948 0.677969545822717 1.06634550598857
0 0 0.025559228324204 0 0.061049274944663 0 Inf 0.187782108957638 0.0377533027168987 0.000157231038623511 0 0
0.0257263120820409 0.314489729153798 0.628770902081288 0.690973667137973 0.14371204182475 0.410378763380805 0.187782108957638 Inf 0.210739524630849 0.531533494042506 0.12806755814509 0.474171779545341
0.497752563786698 0.189978493009146 0.424059755746107 0.124083272560538 0.963301779203824 0.661679875040539 0.0377533027168987 0.210739524630849 Inf 0.526882984289349 0.911130156060654 0.616037801143595
0 0.251589227044368 0.673307815917918 0.776810331956671 0.434063070580275 0.840480134073948 0.000157231038623511 0.531533494042506 0.526882984289349 Inf 0.454319541737284 1.01964021013493
0.31981695825907 0.126262533294442 0.421303358925794 0.162815632390264 1.41838472924969 0.677969545822717 0 0.12806755814509 0.911130156060654 0.454319541737284 Inf 0.761657515203152
0.160311362706551 0.350039048161172 0.665061203674877 0.667025829516348 0.710072110431304 1.06634550598857 0 0.474171779545341 0.616037801143595 1.01964021013493 0.761657515203152 Inf
