0 0 0 0 0 0 0 0 0 0.291125834131021 0 0.133741593437223
0 0 0 0 0 0 0.0430205108226449 0 0.00814286258777791 0 0 0
0 0 0 0 0 0 0 0 0 0 0 0
0 0 0 0 0 0 0 0 0 0 0 0
0 0 0 0 0 0 0 0 0 0 0 0
0 0 0 0 0 0 0.0610676010103607 0 0 0 0 0
0 0.0430205108226449 0 0 0 0.0610676010103607 0 0 0 0.132014656669015 0 0.0362424427309983
0 0 0 0 0 0 0 0 0 0 0 0
0 0.00814286258777791 0 0 0 0 0 0 0 0 0 0
0.291125834131021 0 0 0 0 0 0.132014656669015 0 0 0 0 0
0 0 0 0 0 0 0 0 0 0 0 0
0.133741593437223 0 0 0 0 0 0.0362424427309983 0 0 0 0 0
