Inf 0.819744075191136 0.449523024326108 0.291058839917912 0.24230703428692 0.186289205469706 0.0423561865030595 0 0.248990592092328 0.371990623759396 0.406970278358145 0.52796608889122
0.819744075191134 Inf 0.234466724348042 0.187124570563401 0.0612422256776558 0.192340256697176 0 0 0.287605580278433 0.447530460118297 0.257835770190836 0.327448892573876
0.449523024326108 0.234466724348042 Inf 1.59799479092596 0.504347700870644 0.29355679104545 0 0 0.803177367336687 0.869572013426437 1.00433521091204 0.932389300052524
0.291058839917912 0.187124570563401 1.59799479092596 Inf 0.469821106427767 0.276807400698899 0 0 0.65422859846097 0.923663808634036 0.837724514600647 0.801945261605089
0.24230703428692 0.0612422256776558 0.504347700870644 0.469821106427767 Inf 0.577886792672665 0 0 0.463442135539982 0.308886819370064 0.462699917941915 0.449595451085633
0.186289205469706 0.192340256697176 0.29355679104545 0.276807400698899 0.577886792672665 Inf 0.0470283581682655 0.00251562663020356 0.446982520619453 0.153088390381044 0.339861150683156 0.387157359724435
0.0423561865030595 0 0 0 0 0.0470283581682656 Inf 0.227883248905322 0 0 0 0
0 0 0 0 0 0.00251562663020356 0.227883248905322 Inf 0 0 0 0
0.248990592092328 0.287605580278433 0.803177367336687 0.65422859846097 0.463442135539982 0.446982520619453 0 0 Inf 0.57299863552028 1.12900166177596 0.761281643687241
0.371990623759396 0.447530460118297 0.869572013426437 0.923663808634036 0.308886819370064 0.153088390381044 0 0 0.572998635520281 Inf 0.645893869545679 0.616449753627231
0.406970278358145 0.257835770190836 1.00433521091204 0.837724514600647 0.462699917941915 0.339861150683156 0 0 1.12900166177596 0.645893869545679 Inf 1.27978150606328
0.52796608889122 0.327448892573876 0.932389300052524 0.801945261605089 0.449595451085633 0.387157359724435 0 0 0.761281643687241 0.616449753627231 1.27978150606328 Inf
