Inf 1.22378280898384 0.328482019333967 0.130588881578666 0.294493013758567 0.328120115118222 0.344096315169304 0.28039633842846 0.275893306472738 0.150604034057196 0.442628428948612 0.266787538185537
1.22378280898384 Inf 0.432231405703762 0.316897840406717 0.248590637975362 0.390111207099844 0.237215876275575 0.341391925612545 0.151604635444405 0.282743558646124 0.418346143281023 0.377099081457919
0.328482019333967 0.432231405703762 Inf 1.5389660078723 0.228244723285435 0.47069361259021 0.252588726202714 0.483376206216251 0.181015068264231 0.511031680135685 0.62141849570082 0.70133986432946
0.130588881578666 0.316897840406717 1.5389660078723 Inf 0.0183483217137319 0.36453779457334 0.155880522487976 0.474903561095747 0.0827392598833999 0.559792653313593 0.379438737615262 0.66582046807537
0.294493013758567 0.248590637975362 0.228244723285435 0.0183483217137319 Inf 0.684800927354221 0.263968284225291 0.135461856925485 -0.0929057140534309 -0.206573310771134 0.352242567815364 0.0882939461830518
0.328120115118222 0.390111207099844 0.47069361259021 0.36453779457334 0.684800927354221 Inf 0.254899421570364 0.371334279995303 -0.0246254683486131 0.133272115292516 0.437599793019067 0.356313727098805
0.344096315169304 0.237215876275575 0.252588726202714 0.155880522487976 0.263968284225291 0.254899421570364 Inf 0.717756558589125 -0.0289372528915586 -0.114614283619524 0.159578332441506 0.124643870616427
0.28039633842846 0.341391925612545 0.483376206216251 0.474903561095747 0.135461856925485 0.371334279995303 0.717756558589125 Inf -0.0730082617935327 0.0660639511631825 0.183733463070009 0.280071883821809
0.275893306472738 0.151604635444405 0.181015068264231 0.0827392598833999 -0.0929057140534309 -0.0246254683486131 -0.0289372528915586 -0.0730082617935327 Inf 0.670755566508638 0.793668306918977 0.529197685532872
0.150604034057196 0.282743558646124 0.511031680135685 0.559792653313593 -0.206573310771134 0.133272115292516 -0.114614283619524 0.0660639511631825 0.670755566508638 Inf 0.528748662498815 0.874833844473119
0.442628428948612 0.418346143281023 0.62141849570082 0.379438737615262 0.352242567815364 0.437599793019067 0.159578332441506 0.183733463070009 0.793668306918977 0.528748662498815 Inf 0.921235238389697
0.266787538185537 0.377099081457919 0.70133986432946 0.66582046807537 0.0882939461830518 0.356313727098805 0.124643870616427 0.280071883821809 0.529197685532873 0.874833844473119 0.921235238389697 Inf
