Inf 1.77187977530473 0.812446627703682 0.475278056197142 0.162646781176952 0.416811941163436 0.0889053217391416 0.0698323428506227 0.601107095493521 0.558122831280178 0.506167395217325 0.484129448606331
1.77187977530473 Inf 0.808494206594165 0.574371775951231 0.113766558510358 0.48460468500447 0.0650548974747741 0.0991729330676765 0.469470119410118 0.643840313847678 0.426871903955697 0.455350394150998
0.812446627703682 0.808494206594165 Inf 1.20746077701883 0.584823332138227 0.600661686029113 0.0873972473163958 0.161914190758873 0.62126588577959 0.510066809386816 0.972724796911816 0.712125125493463
0.475278056197142 0.574371775951231 1.20746077701883 Inf 0.375642882292603 0.66111686350689 0.0472746799945857 0.332200198405799 0.278800994200227 0.554035241923545 0.500656356730012 0.48658301609384
0.162646781176952 0.113766558510358 0.584823332138227 0.375642882292603 Inf 0.29264613302834 -0.182772831857229 -0.131783492943391 0.584598893830472 0.158810502269334 0.606849099303285 0.487982845507705
0.416811941163438 0.48460468500447 0.600661686029113 0.66111686350689 0.29264613302834 Inf -0.0295626550508697 0.202836537966751 0.23788428333357 0.642127352989274 0.312323573484906 0.497631207478442
0.0889053217391416 0.0650548974747739 0.0873972473163958 0.0472746799945857 -0.182772831857229 -0.0295626550508697 Inf 0.303391079557398 -0.162126417051696 -0.0166138645309071 0.169504900400039 0.0596066214368574
0.0698323428506227 0.0991729330676765 0.161914190758873 0.332200198405799 -0.131783492943391 0.202836537966751 0.303391079557398 Inf -0.0294969991310755 0.224285252562762 -0.101904588571941 0.0125297234823597
0.601107095493521 0.469470119410118 0.62126588577959 0.278800994200227 0.584598893830472 0.23788428333357 -0.162126417051696 -0.0294969991310755 Inf 0.215706574369065 0.538461554745574 0.603609205663178
0.558122831280178 0.643840313847678 0.510066809386816 0.554035241923545 0.158810502269334 0.642127352989274 -0.0166138645309071 0.224285252562762 0.215706574369065 Inf 0.195730990982241 0.434035292361972
0.506167395217325 0.426871903955697 0.972724796911816 0.500656356730012 0.606849099303285 0.312323573484906 0.169504900400039 -0.101904588571941 0.538461554745574 0.195730990982241 Inf 0.867638439525038
0.484129448606331 0.455350394150998 0.712125125493463 0.48658301609384 0.487982845507705 0.497631207478442 0.0596066214368574 0.0125297234823597 0.603609205663178 0.434035292361972 0.867638439525038 Inf
